   3.00000E+01   2.98908E+01   2.97816E+01   2.96724E+01   2.95632E+01   2.94540E+01   2.93449E+01   2.92357E+01   2.91265E+01   2.90174E+01
   2.89083E+01   2.87992E+01   2.86901E+01   2.85811E+01   2.84721E+01   2.83631E+01   2.82542E+01   2.81454E+01   2.80366E+01   2.79279E+01
   2.78194E+01   2.77110E+01   2.76027E+01   2.74947E+01   2.73869E+01   2.72794E+01   2.71722E+01   2.70654E+01   2.69590E+01   2.68532E+01
   2.67479E+01   2.66434E+01   2.65398E+01   2.64371E+01   2.63355E+01   2.62352E+01   2.61365E+01   2.60395E+01   2.59444E+01   2.58516E+01
   2.57612E+01   2.56737E+01   2.55893E+01   2.55084E+01   2.54312E+01   2.53581E+01   2.52893E+01   2.52251E+01   2.51658E+01   2.51115E+01
   2.50622E+01   2.50181E+01   2.49791E+01   2.49451E+01   2.49159E+01   2.48913E+01   2.48711E+01   2.48550E+01   2.48426E+01   2.48337E+01
   2.48278E+01   2.48248E+01   2.48243E+01   2.48260E+01   2.48296E+01   2.48350E+01   2.48419E+01   2.48500E+01   2.48593E+01   2.48695E+01
   2.48806E+01   2.48923E+01   2.49047E+01   2.49175E+01   2.49307E+01   2.49442E+01   2.49579E+01   2.49719E+01   2.49859E+01   2.50000E+01
   3.00000E+01   2.98908E+01   2.97816E+01   2.96724E+01   2.95632E+01   2.94540E+01   2.93449E+01   2.92357E+01   2.91265E+01   2.90174E+01
   2.89083E+01   2.87991E+01   2.86901E+01   2.85810E+01   2.84720E+01   2.83630E+01   2.82541E+01   2.81453E+01   2.80365E+01   2.79278E+01
   2.78193E+01   2.77108E+01   2.76025E+01   2.74945E+01   2.73866E+01   2.72790E+01   2.71718E+01   2.70649E+01   2.69585E+01   2.68525E+01
   2.67472E+01   2.66426E+01   2.65388E+01   2.64359E+01   2.63342E+01   2.62337E+01   2.61348E+01   2.60375E+01   2.59422E+01   2.58491E+01
   2.57584E+01   2.56706E+01   2.55859E+01   2.55046E+01   2.54271E+01   2.53537E+01   2.52847E+01   2.52203E+01   2.51608E+01   2.51064E+01
   2.50571E+01   2.50130E+01   2.49741E+01   2.49402E+01   2.49113E+01   2.48869E+01   2.48670E+01   2.48512E+01   2.48392E+01   2.48305E+01
   2.48250E+01   2.48223E+01   2.48221E+01   2.48240E+01   2.48279E+01   2.48335E+01   2.48406E+01   2.48489E+01   2.48583E+01   2.48687E+01
   2.48799E+01   2.48918E+01   2.49042E+01   2.49171E+01   2.49303E+01   2.49439E+01   2.49577E+01   2.49717E+01   2.49858E+01   2.50000E+01
   3.00000E+01   2.98908E+01   2.97816E+01   2.96724E+01   2.95632E+01   2.94540E+01   2.93448E+01   2.92357E+01   2.91265E+01   2.90173E+01
   2.89082E+01   2.87991E+01   2.86900E+01   2.85809E+01   2.84719E+01   2.83629E+01   2.82540E+01   2.81451E+01   2.80363E+01   2.79276E+01
   2.78190E+01   2.77105E+01   2.76022E+01   2.74940E+01   2.73861E+01   2.72784E+01   2.71710E+01   2.70640E+01   2.69574E+01   2.68513E+01
   2.67458E+01   2.66409E+01   2.65368E+01   2.64337E+01   2.63316E+01   2.62308E+01   2.61314E+01   2.60336E+01   2.59377E+01   2.58440E+01
   2.57528E+01   2.56643E+01   2.55790E+01   2.54971E+01   2.54189E+01   2.53449E+01   2.52754E+01   2.52106E+01   2.51508E+01   2.50961E+01
   2.50468E+01   2.50028E+01   2.49640E+01   2.49305E+01   2.49020E+01   2.48782E+01   2.48589E+01   2.48437E+01   2.48323E+01   2.48243E+01
   2.48194E+01   2.48173E+01   2.48176E+01   2.48201E+01   2.48245E+01   2.48305E+01   2.48380E+01   2.48467E+01   2.48564E+01   2.48671E+01
   2.48785E+01   2.48906E+01   2.49032E+01   2.49163E+01   2.49297E+01   2.49434E+01   2.49574E+01   2.49715E+01   2.49857E+01   2.50000E+01
   3.00000E+01   2.98908E+01   2.97816E+01   2.96724E+01   2.95632E+01   2.94540E+01   2.93448E+01   2.92356E+01   2.91265E+01   2.90173E+01
   2.89082E+01   2.87990E+01   2.86899E+01   2.85808E+01   2.84718E+01   2.83628E+01   2.82538E+01   2.81449E+01   2.80360E+01   2.79273E+01
   2.78186E+01   2.77100E+01   2.76016E+01   2.74933E+01   2.73853E+01   2.72774E+01   2.71699E+01   2.70627E+01   2.69558E+01   2.68495E+01
   2.67436E+01   2.66384E+01   2.65340E+01   2.64304E+01   2.63278E+01   2.62264E+01   2.61263E+01   2.60278E+01   2.59311E+01   2.58366E+01
   2.57444E+01   2.56550E+01   2.55686E+01   2.54857E+01   2.54066E+01   2.53317E+01   2.52614E+01   2.51959E+01   2.51355E+01   2.50806E+01
   2.50311E+01   2.49872E+01   2.49488E+01   2.49158E+01   2.48879E+01   2.48650E+01   2.48465E+01   2.48323E+01   2.48219E+01   2.48149E+01
   2.48110E+01   2.48099E+01   2.48111E+01   2.48144E+01   2.48195E+01   2.48262E+01   2.48342E+01   2.48434E+01   2.48536E+01   2.48647E+01
   2.48765E+01   2.48889E+01   2.49018E+01   2.49151E+01   2.49288E+01   2.49427E+01   2.49569E+01   2.49712E+01   2.49856E+01   2.50000E+01
   3.00000E+01   2.98908E+01   2.97816E+01   2.96724E+01   2.95632E+01   2.94540E+01   2.93448E+01   2.92356E+01   2.91264E+01   2.90172E+01
   2.89081E+01   2.87989E+01   2.86898E+01   2.85807E+01   2.84716E+01   2.83625E+01   2.82535E+01   2.81446E+01   2.80357E+01   2.79268E+01
   2.78181E+01   2.77094E+01   2.76009E+01   2.74925E+01   2.73842E+01   2.72762E+01   2.71684E+01   2.70610E+01   2.69538E+01   2.68471E+01
   2.67409E+01   2.66352E+01   2.65302E+01   2.64260E+01   2.63228E+01   2.62206E+01   2.61196E+01   2.60202E+01   2.59225E+01   2.58267E+01
   2.57333E+01   2.56426E+01   2.55549E+01   2.54706E+01   2.53901E+01   2.53139E+01   2.52424E+01   2.51760E+01   2.51149E+01   2.50595E+01
   2.50099E+01   2.49661E+01   2.49282E+01   2.48959E+01   2.48690E+01   2.48472E+01   2.48301E+01   2.48172E+01   2.48081E+01   2.48025E+01
   2.47999E+01   2.48000E+01   2.48024E+01   2.48067E+01   2.48128E+01   2.48204E+01   2.48292E+01   2.48391E+01   2.48500E+01   2.48616E+01
   2.48739E+01   2.48867E+01   2.49000E+01   2.49136E+01   2.49276E+01   2.49418E+01   2.49562E+01   2.49707E+01   2.49853E+01   2.50000E+01
   3.00000E+01   2.98908E+01   2.97816E+01   2.96724E+01   2.95632E+01   2.94540E+01   2.93448E+01   2.92356E+01   2.91264E+01   2.90172E+01
   2.89080E+01   2.87988E+01   2.86896E+01   2.85805E+01   2.84714E+01   2.83623E+01   2.82532E+01   2.81442E+01   2.80352E+01   2.79263E+01
   2.78175E+01   2.77087E+01   2.76000E+01   2.74914E+01   2.73830E+01   2.72748E+01   2.71667E+01   2.70589E+01   2.69514E+01   2.68443E+01
   2.67376E+01   2.66313E+01   2.65257E+01   2.64208E+01   2.63166E+01   2.62135E+01   2.61115E+01   2.60108E+01   2.59118E+01   2.58146E+01
   2.57196E+01   2.56271E+01   2.55377E+01   2.54516E+01   2.53693E+01   2.52915E+01   2.52184E+01   2.51507E+01   2.50886E+01   2.50326E+01
   2.49828E+01   2.49393E+01   2.49019E+01   2.48706E+01   2.48451E+01   2.48248E+01   2.48093E+01   2.47982E+01   2.47909E+01   2.47871E+01
   2.47862E+01   2.47878E+01   2.47917E+01   2.47974E+01   2.48047E+01   2.48134E+01   2.48232E+01   2.48340E+01   2.48455E+01   2.48578E+01
   2.48707E+01   2.48840E+01   2.48978E+01   2.49118E+01   2.49261E+01   2.49407E+01   2.49554E+01   2.49702E+01   2.49851E+01   2.50000E+01
   3.00000E+01   2.98908E+01   2.97816E+01   2.96724E+01   2.95631E+01   2.94539E+01   2.93447E+01   2.92355E+01   2.91263E+01   2.90171E+01
   2.89079E+01   2.87987E+01   2.86895E+01   2.85803E+01   2.84711E+01   2.83620E+01   2.82529E+01   2.81438E+01   2.80347E+01   2.79257E+01
   2.78167E+01   2.77078E+01   2.75990E+01   2.74902E+01   2.73816E+01   2.72731E+01   2.71647E+01   2.70566E+01   2.69487E+01   2.68410E+01
   2.67337E+01   2.66269E+01   2.65205E+01   2.64147E+01   2.63095E+01   2.62053E+01   2.61020E+01   2.59999E+01   2.58992E+01   2.58002E+01
   2.57033E+01   2.56088E+01   2.55171E+01   2.54287E+01   2.53442E+01   2.52642E+01   2.51891E+01   2.51197E+01   2.50563E+01   2.49995E+01
   2.49494E+01   2.49061E+01   2.48697E+01   2.48397E+01   2.48158E+01   2.47975E+01   2.47842E+01   2.47753E+01   2.47704E+01   2.47687E+01
   2.47699E+01   2.47735E+01   2.47791E+01   2.47865E+01   2.47952E+01   2.48052E+01   2.48161E+01   2.48279E+01   2.48404E+01   2.48535E+01
   2.48670E+01   2.48810E+01   2.48952E+01   2.49098E+01   2.49245E+01   2.49394E+01   2.49545E+01   2.49696E+01   2.49848E+01   2.50000E+01
   3.00000E+01   2.98908E+01   2.97816E+01   2.96723E+01   2.95631E+01   2.94539E+01   2.93447E+01   2.92354E+01   2.91262E+01   2.90170E+01
   2.89078E+01   2.87985E+01   2.86893E+01   2.85801E+01   2.84709E+01   2.83617E+01   2.82525E+01   2.81433E+01   2.80342E+01   2.79251E+01
   2.78160E+01   2.77069E+01   2.75979E+01   2.74889E+01   2.73801E+01   2.72712E+01   2.71626E+01   2.70540E+01   2.69456E+01   2.68374E+01
   2.67295E+01   2.66219E+01   2.65146E+01   2.64078E+01   2.63016E+01   2.61960E+01   2.60912E+01   2.59875E+01   2.58849E+01   2.57839E+01
   2.56846E+01   2.55875E+01   2.54932E+01   2.54020E+01   2.53147E+01   2.52319E+01   2.51543E+01   2.50826E+01   2.50175E+01   2.49596E+01
   2.49091E+01   2.48663E+01   2.48309E+01   2.48026E+01   2.47809E+01   2.47652E+01   2.47547E+01   2.47486E+01   2.47464E+01   2.47475E+01
   2.47512E+01   2.47571E+01   2.47648E+01   2.47741E+01   2.47845E+01   2.47960E+01   2.48083E+01   2.48212E+01   2.48347E+01   2.48487E+01
   2.48630E+01   2.48776E+01   2.48924E+01   2.49075E+01   2.49227E+01   2.49380E+01   2.49534E+01   2.49689E+01   2.49844E+01   2.50000E+01
   3.00000E+01   2.98908E+01   2.97815E+01   2.96723E+01   2.95631E+01   2.94539E+01   2.93446E+01   2.92354E+01   2.91261E+01   2.90169E+01
   2.89077E+01   2.87984E+01   2.86892E+01   2.85799E+01   2.84706E+01   2.83614E+01   2.82521E+01   2.81429E+01   2.80336E+01   2.79244E+01
   2.78151E+01   2.77059E+01   2.75967E+01   2.74875E+01   2.73784E+01   2.72693E+01   2.71602E+01   2.70513E+01   2.69424E+01   2.68336E+01
   2.67250E+01   2.66166E+01   2.65084E+01   2.64005E+01   2.62930E+01   2.61859E+01   2.60795E+01   2.59739E+01   2.58691E+01   2.57656E+01
   2.56637E+01   2.55636E+01   2.54661E+01   2.53715E+01   2.52806E+01   2.51943E+01   2.51135E+01   2.50389E+01   2.49716E+01   2.49122E+01
   2.48612E+01   2.48189E+01   2.47849E+01   2.47589E+01   2.47401E+01   2.47277E+01   2.47206E+01   2.47181E+01   2.47193E+01   2.47236E+01
   2.47303E+01   2.47389E+01   2.47491E+01   2.47605E+01   2.47729E+01   2.47860E+01   2.47997E+01   2.48140E+01   2.48286E+01   2.48435E+01
   2.48586E+01   2.48739E+01   2.48894E+01   2.49050E+01   2.49207E+01   2.49365E+01   2.49523E+01   2.49682E+01   2.49841E+01   2.50000E+01
   3.00000E+01   2.98908E+01   2.97815E+01   2.96723E+01   2.95631E+01   2.94538E+01   2.93446E+01   2.92353E+01   2.91261E+01   2.90168E+01
   2.89075E+01   2.87983E+01   2.86890E+01   2.85797E+01   2.84704E+01   2.83611E+01   2.82517E+01   2.81424E+01   2.80330E+01   2.79237E+01
   2.78143E+01   2.77049E+01   2.75955E+01   2.74861E+01   2.73767E+01   2.72673E+01   2.71579E+01   2.70484E+01   2.69390E+01   2.68296E+01
   2.67203E+01   2.66110E+01   2.65018E+01   2.63927E+01   2.62839E+01   2.61753E+01   2.60670E+01   2.59593E+01   2.58521E+01   2.57459E+01
   2.56408E+01   2.55373E+01   2.54359E+01   2.53372E+01   2.52421E+01   2.51514E+01   2.50663E+01   2.49880E+01   2.49177E+01   2.48564E+01
   2.48047E+01   2.47631E+01   2.47311E+01   2.47081E+01   2.46930E+01   2.46847E+01   2.46820E+01   2.46838E+01   2.46892E+01   2.46972E+01
   2.47074E+01   2.47191E+01   2.47321E+01   2.47459E+01   2.47604E+01   2.47754E+01   2.47907E+01   2.48063E+01   2.48221E+01   2.48380E+01
   2.48541E+01   2.48702E+01   2.48863E+01   2.49025E+01   2.49187E+01   2.49350E+01   2.49512E+01   2.49675E+01   2.49837E+01   2.50000E+01
   3.00000E+01   2.98908E+01   2.97815E+01   2.96723E+01   2.95630E+01   2.94538E+01   2.93445E+01   2.92353E+01   2.91260E+01   2.90167E+01
   2.89074E+01   2.87981E+01   2.86888E+01   2.85795E+01   2.84701E+01   2.83608E+01   2.82514E+01   2.81419E+01   2.80325E+01   2.79230E+01
   2.78135E+01   2.77039E+01   2.75943E+01   2.74847E+01   2.73750E+01   2.72653E+01   2.71554E+01   2.70456E+01   2.69356E+01   2.68256E+01
   2.67155E+01   2.66053E+01   2.64951E+01   2.63848E+01   2.62745E+01   2.61643E+01   2.60540E+01   2.59440E+01   2.58342E+01   2.57249E+01
   2.56164E+01   2.55089E+01   2.54030E+01   2.52994E+01   2.51990E+01   2.51029E+01   2.50124E+01   2.49292E+01   2.48549E+01   2.47909E+01
   2.47383E+01   2.46975E+01   2.46682E+01   2.46492E+01   2.46391E+01   2.46362E+01   2.46390E+01   2.46460E+01   2.46563E+01   2.46688E+01
   2.46829E+01   2.46982E+01   2.47142E+01   2.47307E+01   2.47475E+01   2.47644E+01   2.47814E+01   2.47985E+01   2.48155E+01   2.48325E+01
   2.48494E+01   2.48663E+01   2.48832E+01   2.49000E+01   2.49167E+01   2.49334E+01   2.49501E+01   2.49667E+01   2.49834E+01   2.50000E+01
   3.00000E+01   2.98908E+01   2.97815E+01   2.96723E+01   2.95630E+01   2.94538E+01   2.93445E+01   2.92352E+01   2.91260E+01   2.90167E+01
   2.89073E+01   2.87980E+01   2.86887E+01   2.85793E+01   2.84699E+01   2.83605E+01   2.82510E+01   2.81415E+01   2.80319E+01   2.79223E+01
   2.78127E+01   2.77030E+01   2.75932E+01   2.74833E+01   2.73734E+01   2.72633E+01   2.71531E+01   2.70428E+01   2.69323E+01   2.68216E+01
   2.67108E+01   2.65997E+01   2.64885E+01   2.63769E+01   2.62652E+01   2.61532E+01   2.60409E+01   2.59285E+01   2.58159E+01   2.57032E+01
   2.55908E+01   2.54788E+01   2.53678E+01   2.52584E+01   2.51516E+01   2.50487E+01   2.49513E+01   2.48615E+01   2.47817E+01   2.47139E+01
   2.46600E+01   2.46206E+01   2.45950E+01   2.45815E+01   2.45779E+01   2.45820E+01   2.45916E+01   2.46050E+01   2.46211E+01   2.46388E+01
   2.46574E+01   2.46765E+01   2.46958E+01   2.47152E+01   2.47343E+01   2.47533E+01   2.47721E+01   2.47906E+01   2.48089E+01   2.48270E+01
   2.48449E+01   2.48625E+01   2.48801E+01   2.48974E+01   2.49147E+01   2.49319E+01   2.49490E+01   2.49660E+01   2.49830E+01   2.50000E+01
   3.00000E+01   2.98908E+01   2.97815E+01   2.96723E+01   2.95630E+01   2.94538E+01   2.93445E+01   2.92352E+01   2.91259E+01   2.90166E+01
   2.89073E+01   2.87979E+01   2.86885E+01   2.85791E+01   2.84697E+01   2.83602E+01   2.82507E+01   2.81411E+01   2.80315E+01   2.79218E+01
   2.78120E+01   2.77021E+01   2.75921E+01   2.74820E+01   2.73718E+01   2.72614E+01   2.71509E+01   2.70401E+01   2.69291E+01   2.68179E+01
   2.67063E+01   2.65944E+01   2.64821E+01   2.63693E+01   2.62561E+01   2.61423E+01   2.60280E+01   2.59130E+01   2.57975E+01   2.56814E+01
   2.55647E+01   2.54478E+01   2.53310E+01   2.52149E+01   2.51004E+01   2.49889E+01   2.48825E+01   2.47839E+01   2.46963E+01   2.46232E+01
   2.45673E+01   2.45299E+01   2.45096E+01   2.45039E+01   2.45092E+01   2.45222E+01   2.45403E+01   2.45615E+01   2.45843E+01   2.46078E+01
   2.46313E+01   2.46547E+01   2.46775E+01   2.46998E+01   2.47214E+01   2.47425E+01   2.47630E+01   2.47830E+01   2.48026E+01   2.48217E+01
   2.48405E+01   2.48589E+01   2.48771E+01   2.48950E+01   2.49128E+01   2.49304E+01   2.49479E+01   2.49653E+01   2.49827E+01   2.50000E+01
   3.00000E+01   2.98908E+01   2.97815E+01   2.96723E+01   2.95630E+01   2.94537E+01   2.93445E+01   2.92352E+01   2.91259E+01   2.90166E+01
   2.89072E+01   2.87978E+01   2.86884E+01   2.85790E+01   2.84695E+01   2.83600E+01   2.82504E+01   2.81408E+01   2.80310E+01   2.79212E+01
   2.78113E+01   2.77013E+01   2.75912E+01   2.74809E+01   2.73704E+01   2.72598E+01   2.71489E+01   2.70377E+01   2.69262E+01   2.68144E+01
   2.67021E+01   2.65894E+01   2.64761E+01   2.63622E+01   2.62475E+01   2.61321E+01   2.60157E+01   2.58983E+01   2.57797E+01   2.56600E+01
   2.55390E+01   2.54167E+01   2.52935E+01   2.51697E+01   2.50460E+01   2.49241E+01   2.48060E+01   2.46953E+01   2.45965E+01   2.45152E+01
   2.44562E+01   2.44218E+01   2.44098E+01   2.44152E+01   2.44326E+01   2.44573E+01   2.44859E+01   2.45162E+01   2.45467E+01   2.45767E+01
   2.46056E+01   2.46333E+01   2.46597E+01   2.46850E+01   2.47091E+01   2.47322E+01   2.47545E+01   2.47759E+01   2.47966E+01   2.48168E+01
   2.48364E+01   2.48555E+01   2.48743E+01   2.48928E+01   2.49111E+01   2.49291E+01   2.49469E+01   2.49647E+01   2.49824E+01   2.50000E+01
   3.00000E+01   2.98908E+01   2.97815E+01   2.96723E+01   2.95630E+01   2.94537E+01   2.93445E+01   2.92352E+01   2.91259E+01   2.90165E+01
   2.89072E+01   2.87978E+01   2.86884E+01   2.85789E+01   2.84694E+01   2.83598E+01   2.82502E+01   2.81405E+01   2.80307E+01   2.79208E+01
   2.78108E+01   2.77007E+01   2.75904E+01   2.74799E+01   2.73692E+01   2.72583E+01   2.71471E+01   2.70356E+01   2.69237E+01   2.68113E+01
   2.66984E+01   2.65849E+01   2.64707E+01   2.63557E+01   2.62398E+01   2.61227E+01   2.60044E+01   2.58846E+01   2.57632E+01   2.56398E+01
   2.55144E+01   2.53867E+01   2.52566E+01   2.51242E+01   2.49901E+01   2.48553E+01   2.47222E+01   2.45947E+01   2.44793E+01   2.43848E+01
   2.43205E+01   2.42915E+01   2.42926E+01   2.43146E+01   2.43487E+01   2.43885E+01   2.44299E+01   2.44708E+01   2.45098E+01   2.45466E+01
   2.45810E+01   2.46131E+01   2.46431E+01   2.46713E+01   2.46978E+01   2.47229E+01   2.47467E+01   2.47695E+01   2.47913E+01   2.48123E+01
   2.48327E+01   2.48526E+01   2.48719E+01   2.48909E+01   2.49095E+01   2.49279E+01   2.49461E+01   2.49641E+01   2.49821E+01   2.50000E+01
   3.00000E+01   2.98908E+01   2.97815E+01   2.96723E+01   2.95630E+01   2.94538E+01   2.93445E+01   2.92352E+01   2.91259E+01   2.90165E+01
   2.89072E+01   2.87978E+01   2.86883E+01   2.85789E+01   2.84693E+01   2.83597E+01   2.82501E+01   2.81403E+01   2.80305E+01   2.79205E+01
   2.78104E+01   2.77002E+01   2.75898E+01   2.74791E+01   2.73683E+01   2.72571E+01   2.71457E+01   2.70338E+01   2.69216E+01   2.68088E+01
   2.66953E+01   2.65812E+01   2.64662E+01   2.63502E+01   2.62331E+01   2.61146E+01   2.59946E+01   2.58726E+01   2.57485E+01   2.56218E+01
   2.54921E+01   2.53590E+01   2.52219E+01   2.50805E+01   2.49347E+01   2.47849E+01   2.46327E+01   2.44821E+01   2.43413E+01   2.42242E+01
   2.41497E+01   2.41308E+01   2.41545E+01   2.42020E+01   2.42592E+01   2.43181E+01   2.43746E+01   2.44270E+01   2.44751E+01   2.45188E+01
   2.45587E+01   2.45950E+01   2.46284E+01   2.46593E+01   2.46880E+01   2.47148E+01   2.47400E+01   2.47639E+01   2.47867E+01   2.48086E+01
   2.48296E+01   2.48500E+01   2.48699E+01   2.48892E+01   2.49082E+01   2.49269E+01   2.49454E+01   2.49637E+01   2.49819E+01   2.50000E+01
   3.00000E+01   2.98908E+01   2.97815E+01   2.96723E+01   2.95630E+01   2.94538E+01   2.93445E+01   2.92352E+01   2.91259E+01   2.90166E+01
   2.89072E+01   2.87978E+01   2.86884E+01   2.85789E+01   2.84693E+01   2.83597E+01   2.82500E+01   2.81402E+01   2.80303E+01   2.79203E+01
   2.78102E+01   2.76999E+01   2.75894E+01   2.74786E+01   2.73676E+01   2.72563E+01   2.71446E+01   2.70326E+01   2.69200E+01   2.68068E+01
   2.66929E+01   2.65783E+01   2.64627E+01   2.63459E+01   2.62278E+01   2.61082E+01   2.59866E+01   2.58628E+01   2.57364E+01   2.56067E+01
   2.54733E+01   2.53352E+01   2.51915E+01   2.50413E+01   2.48834E+01   2.47168E+01   2.45415E+01   2.43596E+01   2.41794E+01   2.40211E+01
   2.39231E+01   2.39277E+01   2.39927E+01   2.40795E+01   2.41680E+01   2.42500E+01   2.43232E+01   2.43878E+01   2.44447E+01   2.44950E+01
   2.45398E+01   2.45799E+01   2.46163E+01   2.46494E+01   2.46799E+01   2.47082E+01   2.47347E+01   2.47596E+01   2.47831E+01   2.48056E+01
   2.48272E+01   2.48481E+01   2.48683E+01   2.48880E+01   2.49072E+01   2.49262E+01   2.49448E+01   2.49633E+01   2.49817E+01   2.50000E+01
   3.00000E+01   2.98908E+01   2.97815E+01   2.96723E+01   2.95631E+01   2.94538E+01   2.93446E+01   2.92353E+01   2.91260E+01   2.90166E+01
   2.89073E+01   2.87979E+01   2.86884E+01   2.85789E+01   2.84694E+01   2.83597E+01   2.82500E+01   2.81402E+01   2.80303E+01   2.79203E+01
   2.78101E+01   2.76997E+01   2.75892E+01   2.74784E+01   2.73673E+01   2.72558E+01   2.71440E+01   2.70318E+01   2.69190E+01   2.68055E+01
   2.66914E+01   2.65763E+01   2.64602E+01   2.63429E+01   2.62241E+01   2.61035E+01   2.59809E+01   2.58557E+01   2.57275E+01   2.55955E+01
   2.54590E+01   2.53169E+01   2.51678E+01   2.50098E+01   2.48407E+01   2.46575E+01   2.44568E+01   2.42355E+01   2.39958E+01   2.37576E+01
   2.35939E+01   2.36642E+01   2.38090E+01   2.39554E+01   2.40832E+01   2.41906E+01   2.42805E+01   2.43562E+01   2.44209E+01   2.44767E+01
   2.45255E+01   2.45687E+01   2.46073E+01   2.46423E+01   2.46742E+01   2.47035E+01   2.47309E+01   2.47565E+01   2.47806E+01   2.48036E+01
   2.48256E+01   2.48467E+01   2.48672E+01   2.48871E+01   2.49066E+01   2.49257E+01   2.49445E+01   2.49631E+01   2.49816E+01   2.50000E+01
   3.00000E+01   2.98908E+01   2.97816E+01   2.96723E+01   2.95631E+01   2.94539E+01   2.93446E+01   2.92353E+01   2.91260E+01   2.90167E+01
   2.89074E+01   2.87980E+01   2.86885E+01   2.85790E+01   2.84695E+01   2.83599E+01   2.82502E+01   2.81404E+01   2.80305E+01   2.79204E+01
   2.78102E+01   2.76998E+01   2.75892E+01   2.74784E+01   2.73672E+01   2.72557E+01   2.71438E+01   2.70315E+01   2.69186E+01   2.68050E+01
   2.66906E+01   2.65754E+01   2.64590E+01   2.63413E+01   2.62221E+01   2.61010E+01   2.59777E+01   2.58517E+01   2.57223E+01   2.55889E+01
   2.54504E+01   2.53056E+01   2.51528E+01   2.49894E+01   2.48121E+01   2.46158E+01   2.43925E+01   2.41300E+01   2.38104E+01   2.34197E+01
   2.30306E+01   2.33263E+01   2.36236E+01   2.38498E+01   2.40190E+01   2.41489E+01   2.42519E+01   2.43358E+01   2.44058E+01   2.44654E+01
   2.45168E+01   2.45619E+01   2.46021E+01   2.46381E+01   2.46709E+01   2.47009E+01   2.47288E+01   2.47548E+01   2.47793E+01   2.48025E+01
   2.48247E+01   2.48461E+01   2.48667E+01   2.48867E+01   2.49063E+01   2.49254E+01   2.49443E+01   2.49630E+01   2.49815E+01   2.50000E+01
   3.00000E+01   2.98908E+01   2.97816E+01   2.96724E+01   2.95632E+01   2.94539E+01   2.93447E+01   2.92354E+01   2.91261E+01   2.90168E+01
   2.89075E+01   2.87981E+01   2.86887E+01   2.85792E+01   2.84697E+01   2.83601E+01   2.82504E+01   2.81406E+01   2.80307E+01   2.79207E+01
   2.78105E+01   2.77001E+01   2.75895E+01   2.74787E+01   2.73675E+01   2.72560E+01   2.71442E+01   2.70318E+01   2.69188E+01   2.68052E+01
   2.66909E+01   2.65755E+01   2.64591E+01   2.63413E+01   2.62220E+01   2.61008E+01   2.59772E+01   2.58509E+01   2.57212E+01   2.55873E+01
   2.54482E+01   2.53025E+01   2.51483E+01   2.49830E+01   2.48026E+01   2.46010E+01   2.43674E+01   2.40815E+01   2.36962E+01   2.30802E+01
   2.17826E+01   2.29868E+01   2.35094E+01   2.38013E+01   2.39939E+01   2.41340E+01   2.42423E+01   2.43293E+01   2.44013E+01   2.44621E+01
   2.45145E+01   2.45602E+01   2.46008E+01   2.46372E+01   2.46703E+01   2.47005E+01   2.47285E+01   2.47547E+01   2.47792E+01   2.48025E+01
   2.48248E+01   2.48461E+01   2.48667E+01   2.48868E+01   2.49063E+01   2.49255E+01   2.49444E+01   2.49630E+01   2.49815E+01   2.50000E+01
   3.00000E+01   2.98908E+01   2.97816E+01   2.96724E+01   2.95632E+01   2.94540E+01   2.93448E+01   2.92355E+01   2.91263E+01   2.90170E+01
   2.89077E+01   2.87983E+01   2.86889E+01   2.85794E+01   2.84699E+01   2.83604E+01   2.82507E+01   2.81409E+01   2.80311E+01   2.79211E+01
   2.78109E+01   2.77006E+01   2.75901E+01   2.74793E+01   2.73682E+01   2.72568E+01   2.71449E+01   2.70326E+01   2.69198E+01   2.68063E+01
   2.66920E+01   2.65768E+01   2.64605E+01   2.63429E+01   2.62238E+01   2.61028E+01   2.59795E+01   2.58535E+01   2.57243E+01   2.55909E+01
   2.54525E+01   2.53078E+01   2.51549E+01   2.49916E+01   2.48144E+01   2.46181E+01   2.43948E+01   2.41323E+01   2.38128E+01   2.34221E+01
   2.30330E+01   2.33287E+01   2.36260E+01   2.38521E+01   2.40212E+01   2.41511E+01   2.42540E+01   2.43379E+01   2.44079E+01   2.44673E+01
   2.45187E+01   2.45637E+01   2.46038E+01   2.46397E+01   2.46724E+01   2.47024E+01   2.47301E+01   2.47561E+01   2.47805E+01   2.48036E+01
   2.48257E+01   2.48469E+01   2.48674E+01   2.48873E+01   2.49068E+01   2.49258E+01   2.49446E+01   2.49632E+01   2.49816E+01   2.50000E+01
   3.00000E+01   2.98908E+01   2.97817E+01   2.96725E+01   2.95633E+01   2.94541E+01   2.93449E+01   2.92357E+01   2.91264E+01   2.90172E+01
   2.89079E+01   2.87985E+01   2.86892E+01   2.85797E+01   2.84703E+01   2.83607E+01   2.82511E+01   2.81414E+01   2.80316E+01   2.79216E+01
   2.78116E+01   2.77013E+01   2.75909E+01   2.74802E+01   2.73692E+01   2.72579E+01   2.71462E+01   2.70341E+01   2.69214E+01   2.68081E+01
   2.66941E+01   2.65792E+01   2.64632E+01   2.63460E+01   2.62274E+01   2.61070E+01   2.59845E+01   2.58595E+01   2.57314E+01   2.55996E+01
   2.54632E+01   2.53211E+01   2.51721E+01   2.50142E+01   2.48452E+01   2.46621E+01   2.44614E+01   2.42402E+01   2.40004E+01   2.37623E+01
   2.35986E+01   2.36689E+01   2.38136E+01   2.39600E+01   2.40878E+01   2.41951E+01   2.42848E+01   2.43604E+01   2.44249E+01   2.44806E+01
   2.45293E+01   2.45723E+01   2.46108E+01   2.46455E+01   2.46772E+01   2.47065E+01   2.47336E+01   2.47590E+01   2.47829E+01   2.48057E+01
   2.48275E+01   2.48484E+01   2.48687E+01   2.48884E+01   2.49076E+01   2.49265E+01   2.49451E+01   2.49635E+01   2.49818E+01   2.50000E+01
   3.00000E+01   2.98909E+01   2.97817E+01   2.96725E+01   2.95634E+01   2.94542E+01   2.93450E+01   2.92358E+01   2.91266E+01   2.90174E+01
   2.89081E+01   2.87988E+01   2.86895E+01   2.85801E+01   2.84707E+01   2.83612E+01   2.82516E+01   2.81420E+01   2.80322E+01   2.79224E+01
   2.78124E+01   2.77022E+01   2.75919E+01   2.74813E+01   2.73705E+01   2.72594E+01   2.71479E+01   2.70360E+01   2.69236E+01   2.68106E+01
   2.66970E+01   2.65825E+01   2.64671E+01   2.63506E+01   2.62328E+01   2.61133E+01   2.59920E+01   2.58685E+01   2.57422E+01   2.56128E+01
   2.54795E+01   2.53415E+01   2.51981E+01   2.50480E+01   2.48902E+01   2.47237E+01   2.45484E+01   2.43666E+01   2.41865E+01   2.40282E+01
   2.39302E+01   2.39348E+01   2.39997E+01   2.40864E+01   2.41748E+01   2.42566E+01   2.43297E+01   2.43941E+01   2.44508E+01   2.45009E+01
   2.45454E+01   2.45854E+01   2.46215E+01   2.46544E+01   2.46846E+01   2.47126E+01   2.47387E+01   2.47633E+01   2.47866E+01   2.48088E+01
   2.48301E+01   2.48506E+01   2.48705E+01   2.48898E+01   2.49088E+01   2.49274E+01   2.49458E+01   2.49640E+01   2.49820E+01   2.50000E+01
   3.00000E+01   2.98909E+01   2.97817E+01   2.96726E+01   2.95635E+01   2.94543E+01   2.93452E+01   2.92360E+01   2.91268E+01   2.90176E+01
   2.89084E+01   2.87991E+01   2.86898E+01   2.85805E+01   2.84711E+01   2.83617E+01   2.82522E+01   2.81426E+01   2.80330E+01   2.79232E+01
   2.78133E+01   2.77033E+01   2.75931E+01   2.74827E+01   2.73721E+01   2.72612E+01   2.71500E+01   2.70384E+01   2.69264E+01   2.68139E+01
   2.67007E+01   2.65869E+01   2.64722E+01   2.63565E+01   2.62397E+01   2.61216E+01   2.60018E+01   2.58801E+01   2.57563E+01   2.56298E+01
   2.55004E+01   2.53675E+01   2.52306E+01   2.50894E+01   2.49438E+01   2.47941E+01   2.46420E+01   2.44915E+01   2.43507E+01   2.42337E+01
   2.41592E+01   2.41403E+01   2.41639E+01   2.42112E+01   2.42683E+01   2.43270E+01   2.43833E+01   2.44355E+01   2.44833E+01   2.45267E+01
   2.45662E+01   2.46023E+01   2.46354E+01   2.46659E+01   2.46942E+01   2.47206E+01   2.47455E+01   2.47690E+01   2.47914E+01   2.48128E+01
   2.48334E+01   2.48534E+01   2.48728E+01   2.48917E+01   2.49103E+01   2.49286E+01   2.49466E+01   2.49645E+01   2.49823E+01   2.50000E+01
   3.00000E+01   2.98909E+01   2.97818E+01   2.96727E+01   2.95636E+01   2.94544E+01   2.93453E+01   2.92362E+01   2.91270E+01   2.90178E+01
   2.89087E+01   2.87994E+01   2.86902E+01   2.85809E+01   2.84716E+01   2.83623E+01   2.82528E+01   2.81434E+01   2.80338E+01   2.79242E+01
   2.78144E+01   2.77046E+01   2.75945E+01   2.74844E+01   2.73740E+01   2.72634E+01   2.71525E+01   2.70413E+01   2.69297E+01   2.68177E+01
   2.67052E+01   2.65921E+01   2.64782E+01   2.63636E+01   2.62480E+01   2.61314E+01   2.60134E+01   2.58940E+01   2.57729E+01   2.56499E+01
   2.55248E+01   2.53973E+01   2.52675E+01   2.51354E+01   2.50015E+01   2.48669E+01   2.47339E+01   2.46065E+01   2.44912E+01   2.43968E+01
   2.43325E+01   2.43033E+01   2.43044E+01   2.43263E+01   2.43602E+01   2.43997E+01   2.44409E+01   2.44814E+01   2.45201E+01   2.45565E+01
   2.45905E+01   2.46222E+01   2.46518E+01   2.46796E+01   2.47056E+01   2.47302E+01   2.47535E+01   2.47758E+01   2.47971E+01   2.48176E+01
   2.48375E+01   2.48568E+01   2.48756E+01   2.48940E+01   2.49121E+01   2.49300E+01   2.49477E+01   2.49652E+01   2.49826E+01   2.50000E+01
   3.00000E+01   2.98909E+01   2.97818E+01   2.96728E+01   2.95637E+01   2.94546E+01   2.93455E+01   2.92364E+01   2.91273E+01   2.90181E+01
   2.89090E+01   2.87998E+01   2.86906E+01   2.85814E+01   2.84722E+01   2.83629E+01   2.82536E+01   2.81442E+01   2.80347E+01   2.79252E+01
   2.78156E+01   2.77059E+01   2.75961E+01   2.74862E+01   2.73761E+01   2.72658E+01   2.71553E+01   2.70445E+01   2.69335E+01   2.68220E+01
   2.67102E+01   2.65979E+01   2.64851E+01   2.63716E+01   2.62575E+01   2.61425E+01   2.60265E+01   2.59095E+01   2.57914E+01   2.56721E+01
   2.55515E+01   2.54296E+01   2.53067E+01   2.51831E+01   2.50598E+01   2.49380E+01   2.48202E+01   2.47096E+01   2.46109E+01   2.45296E+01
   2.44706E+01   2.44362E+01   2.44241E+01   2.44293E+01   2.44464E+01   2.44708E+01   2.44991E+01   2.45291E+01   2.45592E+01   2.45886E+01
   2.46171E+01   2.46443E+01   2.46702E+01   2.46949E+01   2.47185E+01   2.47410E+01   2.47627E+01   2.47835E+01   2.48036E+01   2.48231E+01
   2.48421E+01   2.48606E+01   2.48788E+01   2.48966E+01   2.49142E+01   2.49316E+01   2.49488E+01   2.49660E+01   2.49830E+01   2.50000E+01
   3.00000E+01   2.98909E+01   2.97819E+01   2.96728E+01   2.95638E+01   2.94547E+01   2.93456E+01   2.92366E+01   2.91275E+01   2.90184E+01
   2.89093E+01   2.88002E+01   2.86911E+01   2.85819E+01   2.84727E+01   2.83635E+01   2.82543E+01   2.81451E+01   2.80357E+01   2.79264E+01
   2.78170E+01   2.77075E+01   2.75979E+01   2.74882E+01   2.73784E+01   2.72685E+01   2.71584E+01   2.70481E+01   2.69376E+01   2.68268E+01
   2.67157E+01   2.66043E+01   2.64926E+01   2.63804E+01   2.62677E+01   2.61545E+01   2.60407E+01   2.59262E+01   2.58112E+01   2.56955E+01
   2.55794E+01   2.54629E+01   2.53465E+01   2.52307E+01   2.51165E+01   2.50053E+01   2.48992E+01   2.48007E+01   2.47132E+01   2.46402E+01
   2.45843E+01   2.45467E+01   2.45263E+01   2.45204E+01   2.45254E+01   2.45381E+01   2.45558E+01   2.45765E+01   2.45988E+01   2.46218E+01
   2.46448E+01   2.46676E+01   2.46898E+01   2.47114E+01   2.47324E+01   2.47528E+01   2.47726E+01   2.47919E+01   2.48107E+01   2.48291E+01
   2.48471E+01   2.48648E+01   2.48823E+01   2.48995E+01   2.49165E+01   2.49334E+01   2.49501E+01   2.49668E+01   2.49834E+01   2.50000E+01
   3.00000E+01   2.98910E+01   2.97819E+01   2.96729E+01   2.95639E+01   2.94549E+01   2.93458E+01   2.92368E+01   2.91277E+01   2.90187E+01
   2.89096E+01   2.88006E+01   2.86915E+01   2.85824E+01   2.84734E+01   2.83642E+01   2.82551E+01   2.81460E+01   2.80368E+01   2.79276E+01
   2.78183E+01   2.77091E+01   2.75997E+01   2.74903E+01   2.73808E+01   2.72713E+01   2.71616E+01   2.70518E+01   2.69419E+01   2.68318E+01
   2.67216E+01   2.66111E+01   2.65005E+01   2.63896E+01   2.62785E+01   2.61671E+01   2.60554E+01   2.59436E+01   2.58315E+01   2.57195E+01
   2.56076E+01   2.54961E+01   2.53856E+01   2.52766E+01   2.51702E+01   2.50676E+01   2.49705E+01   2.48809E+01   2.48012E+01   2.47335E+01
   2.46796E+01   2.46400E+01   2.46142E+01   2.46005E+01   2.45966E+01   2.46003E+01   2.46094E+01   2.46224E+01   2.46379E+01   2.46550E+01
   2.46729E+01   2.46914E+01   2.47100E+01   2.47285E+01   2.47469E+01   2.47651E+01   2.47831E+01   2.48008E+01   2.48182E+01   2.48355E+01
   2.48525E+01   2.48693E+01   2.48860E+01   2.49025E+01   2.49189E+01   2.49352E+01   2.49515E+01   2.49677E+01   2.49839E+01   2.50000E+01
   3.00000E+01   2.98910E+01   2.97820E+01   2.96730E+01   2.95640E+01   2.94550E+01   2.93460E+01   2.92370E+01   2.91280E+01   2.90190E+01
   2.89100E+01   2.88010E+01   2.86920E+01   2.85830E+01   2.84740E+01   2.83650E+01   2.82559E+01   2.81469E+01   2.80379E+01   2.79288E+01
   2.78198E+01   2.77107E+01   2.76016E+01   2.74925E+01   2.73833E+01   2.72742E+01   2.71649E+01   2.70557E+01   2.69464E+01   2.68370E+01
   2.67276E+01   2.66181E+01   2.65086E+01   2.63991E+01   2.62895E+01   2.61799E+01   2.60704E+01   2.59610E+01   2.58519E+01   2.57433E+01
   2.56353E+01   2.55285E+01   2.54232E+01   2.53201E+01   2.52201E+01   2.51244E+01   2.50342E+01   2.49512E+01   2.48770E+01   2.48131E+01
   2.47605E+01   2.47196E+01   2.46901E+01   2.46708E+01   2.46603E+01   2.46570E+01   2.46592E+01   2.46657E+01   2.46753E+01   2.46872E+01
   2.47006E+01   2.47150E+01   2.47302E+01   2.47458E+01   2.47617E+01   2.47777E+01   2.47938E+01   2.48099E+01   2.48260E+01   2.48420E+01
   2.48580E+01   2.48739E+01   2.48898E+01   2.49057E+01   2.49214E+01   2.49372E+01   2.49529E+01   2.49686E+01   2.49843E+01   2.50000E+01
   3.00000E+01   2.98910E+01   2.97821E+01   2.96731E+01   2.95641E+01   2.94551E+01   2.93462E+01   2.92372E+01   2.91283E+01   2.90193E+01
   2.89103E+01   2.88014E+01   2.86925E+01   2.85835E+01   2.84746E+01   2.83657E+01   2.82568E+01   2.81479E+01   2.80390E+01   2.79301E+01
   2.78212E+01   2.77124E+01   2.76035E+01   2.74947E+01   2.73859E+01   2.72771E+01   2.71683E+01   2.70596E+01   2.69509E+01   2.68423E+01
   2.67337E+01   2.66252E+01   2.65168E+01   2.64085E+01   2.63005E+01   2.61927E+01   2.60852E+01   2.59782E+01   2.58719E+01   2.57664E+01
   2.56620E+01   2.55592E+01   2.54585E+01   2.53604E+01   2.52657E+01   2.51755E+01   2.50908E+01   2.50128E+01   2.49426E+01   2.48814E+01
   2.48297E+01   2.47879E+01   2.47556E+01   2.47323E+01   2.47169E+01   2.47081E+01   2.47048E+01   2.47060E+01   2.47106E+01   2.47178E+01
   2.47271E+01   2.47380E+01   2.47500E+01   2.47628E+01   2.47763E+01   2.47902E+01   2.48045E+01   2.48190E+01   2.48338E+01   2.48486E+01
   2.48636E+01   2.48786E+01   2.48937E+01   2.49088E+01   2.49240E+01   2.49392E+01   2.49544E+01   2.49696E+01   2.49848E+01   2.50000E+01
   3.00000E+01   2.98911E+01   2.97821E+01   2.96732E+01   2.95642E+01   2.94553E+01   2.93464E+01   2.92374E+01   2.91285E+01   2.90196E+01
   2.89107E+01   2.88018E+01   2.86929E+01   2.85841E+01   2.84752E+01   2.83664E+01   2.82576E+01   2.81488E+01   2.80401E+01   2.79313E+01
   2.78226E+01   2.77140E+01   2.76054E+01   2.74969E+01   2.73884E+01   2.72800E+01   2.71717E+01   2.70635E+01   2.69554E+01   2.68475E+01
   2.67397E+01   2.66321E+01   2.65248E+01   2.64178E+01   2.63112E+01   2.62051E+01   2.60996E+01   2.59948E+01   2.58910E+01   2.57883E+01
   2.56872E+01   2.55880E+01   2.54911E+01   2.53972E+01   2.53070E+01   2.52212E+01   2.51407E+01   2.50665E+01   2.49993E+01   2.49400E+01
   2.48890E+01   2.48465E+01   2.48123E+01   2.47860E+01   2.47667E+01   2.47537E+01   2.47460E+01   2.47427E+01   2.47431E+01   2.47465E+01
   2.47522E+01   2.47598E+01   2.47689E+01   2.47792E+01   2.47904E+01   2.48024E+01   2.48150E+01   2.48280E+01   2.48414E+01   2.48551E+01
   2.48691E+01   2.48833E+01   2.48976E+01   2.49120E+01   2.49265E+01   2.49411E+01   2.49558E+01   2.49705E+01   2.49853E+01   2.50000E+01
   3.00000E+01   2.98911E+01   2.97822E+01   2.96732E+01   2.95643E+01   2.94554E+01   2.93465E+01   2.92376E+01   2.91287E+01   2.90199E+01
   2.89110E+01   2.88022E+01   2.86934E+01   2.85846E+01   2.84758E+01   2.83671E+01   2.82584E+01   2.81497E+01   2.80411E+01   2.79325E+01
   2.78240E+01   2.77156E+01   2.76073E+01   2.74990E+01   2.73908E+01   2.72828E+01   2.71749E+01   2.70672E+01   2.69597E+01   2.68525E+01
   2.67455E+01   2.66388E+01   2.65325E+01   2.64267E+01   2.63215E+01   2.62169E+01   2.61132E+01   2.60104E+01   2.59089E+01   2.58088E+01
   2.57105E+01   2.56143E+01   2.55208E+01   2.54304E+01   2.53437E+01   2.52615E+01   2.51844E+01   2.51130E+01   2.50482E+01   2.49903E+01
   2.49399E+01   2.48968E+01   2.48612E+01   2.48325E+01   2.48103E+01   2.47939E+01   2.47827E+01   2.47758E+01   2.47727E+01   2.47727E+01
   2.47753E+01   2.47801E+01   2.47866E+01   2.47946E+01   2.48038E+01   2.48140E+01   2.48250E+01   2.48366E+01   2.48488E+01   2.48614E+01
   2.48744E+01   2.48877E+01   2.49013E+01   2.49151E+01   2.49290E+01   2.49430E+01   2.49572E+01   2.49714E+01   2.49857E+01   2.50000E+01
   3.00000E+01   2.98911E+01   2.97822E+01   2.96733E+01   2.95644E+01   2.94555E+01   2.93467E+01   2.92378E+01   2.91290E+01   2.90201E+01
   2.89113E+01   2.88025E+01   2.86938E+01   2.85851E+01   2.84764E+01   2.83677E+01   2.82591E+01   2.81506E+01   2.80421E+01   2.79337E+01
   2.78253E+01   2.77171E+01   2.76090E+01   2.75010E+01   2.73932E+01   2.72855E+01   2.71780E+01   2.70708E+01   2.69638E+01   2.68572E+01
   2.67509E+01   2.66451E+01   2.65398E+01   2.64351E+01   2.63311E+01   2.62279E+01   2.61258E+01   2.60248E+01   2.59253E+01   2.58274E+01
   2.57316E+01   2.56380E+01   2.55473E+01   2.54598E+01   2.53761E+01   2.52967E+01   2.52222E+01   2.51532E+01   2.50901E+01   2.50333E+01
   2.49832E+01   2.49398E+01   2.49030E+01   2.48726E+01   2.48481E+01   2.48291E+01   2.48150E+01   2.48052E+01   2.47991E+01   2.47963E+01
   2.47963E+01   2.47986E+01   2.48029E+01   2.48089E+01   2.48162E+01   2.48248E+01   2.48343E+01   2.48446E+01   2.48557E+01   2.48673E+01
   2.48794E+01   2.48920E+01   2.49048E+01   2.49179E+01   2.49313E+01   2.49448E+01   2.49585E+01   2.49723E+01   2.49861E+01   2.50000E+01
   3.00000E+01   2.98911E+01   2.97823E+01   2.96734E+01   2.95645E+01   2.94557E+01   2.93468E+01   2.92380E+01   2.91292E+01   2.90204E+01
   2.89116E+01   2.88029E+01   2.86942E+01   2.85855E+01   2.84769E+01   2.83683E+01   2.82598E+01   2.81514E+01   2.80430E+01   2.79347E+01
   2.78266E+01   2.77185E+01   2.76106E+01   2.75029E+01   2.73953E+01   2.72880E+01   2.71809E+01   2.70741E+01   2.69676E+01   2.68615E+01
   2.67559E+01   2.66509E+01   2.65464E+01   2.64427E+01   2.63398E+01   2.62379E+01   2.61372E+01   2.60378E+01   2.59400E+01   2.58441E+01
   2.57503E+01   2.56590E+01   2.55706E+01   2.54855E+01   2.54041E+01   2.53270E+01   2.52546E+01   2.51873E+01   2.51256E+01   2.50697E+01
   2.50199E+01   2.49762E+01   2.49385E+01   2.49067E+01   2.48805E+01   2.48594E+01   2.48429E+01   2.48308E+01   2.48223E+01   2.48172E+01
   2.48149E+01   2.48151E+01   2.48175E+01   2.48217E+01   2.48274E+01   2.48345E+01   2.48428E+01   2.48520E+01   2.48620E+01   2.48727E+01
   2.48840E+01   2.48958E+01   2.49081E+01   2.49206E+01   2.49335E+01   2.49465E+01   2.49597E+01   2.49731E+01   2.49865E+01   2.50000E+01
   3.00000E+01   2.98911E+01   2.97823E+01   2.96734E+01   2.95646E+01   2.94558E+01   2.93470E+01   2.92382E+01   2.91294E+01   2.90206E+01
   2.89119E+01   2.88032E+01   2.86945E+01   2.85859E+01   2.84774E+01   2.83689E+01   2.82604E+01   2.81521E+01   2.80438E+01   2.79357E+01
   2.78276E+01   2.77198E+01   2.76121E+01   2.75045E+01   2.73972E+01   2.72902E+01   2.71834E+01   2.70770E+01   2.69710E+01   2.68654E+01
   2.67604E+01   2.66560E+01   2.65523E+01   2.64494E+01   2.63475E+01   2.62467E+01   2.61472E+01   2.60492E+01   2.59529E+01   2.58586E+01
   2.57665E+01   2.56771E+01   2.55906E+01   2.55074E+01   2.54279E+01   2.53526E+01   2.52818E+01   2.52159E+01   2.51552E+01   2.51000E+01
   2.50504E+01   2.50065E+01   2.49681E+01   2.49353E+01   2.49077E+01   2.48849E+01   2.48667E+01   2.48526E+01   2.48422E+01   2.48352E+01
   2.48311E+01   2.48295E+01   2.48303E+01   2.48330E+01   2.48373E+01   2.48432E+01   2.48503E+01   2.48585E+01   2.48676E+01   2.48776E+01
   2.48882E+01   2.48993E+01   2.49110E+01   2.49230E+01   2.49354E+01   2.49480E+01   2.49608E+01   2.49738E+01   2.49869E+01   2.50000E+01
   3.00000E+01   2.98912E+01   2.97823E+01   2.96735E+01   2.95647E+01   2.94559E+01   2.93471E+01   2.92383E+01   2.91295E+01   2.90208E+01
   2.89121E+01   2.88034E+01   2.86948E+01   2.85863E+01   2.84778E+01   2.83693E+01   2.82610E+01   2.81527E+01   2.80445E+01   2.79365E+01
   2.78286E+01   2.77209E+01   2.76133E+01   2.75060E+01   2.73989E+01   2.72921E+01   2.71856E+01   2.70795E+01   2.69739E+01   2.68688E+01
   2.67643E+01   2.66604E+01   2.65574E+01   2.64552E+01   2.63542E+01   2.62543E+01   2.61558E+01   2.60589E+01   2.59638E+01   2.58708E+01
   2.57802E+01   2.56922E+01   2.56072E+01   2.55255E+01   2.54476E+01   2.53737E+01   2.53041E+01   2.52393E+01   2.51794E+01   2.51247E+01
   2.50752E+01   2.50311E+01   2.49923E+01   2.49587E+01   2.49300E+01   2.49060E+01   2.48863E+01   2.48707E+01   2.48588E+01   2.48502E+01
   2.48446E+01   2.48417E+01   2.48411E+01   2.48425E+01   2.48458E+01   2.48506E+01   2.48567E+01   2.48641E+01   2.48725E+01   2.48817E+01
   2.48917E+01   2.49023E+01   2.49135E+01   2.49251E+01   2.49370E+01   2.49493E+01   2.49618E+01   2.49744E+01   2.49872E+01   2.50000E+01
   3.00000E+01   2.98912E+01   2.97824E+01   2.96735E+01   2.95647E+01   2.94559E+01   2.93472E+01   2.92384E+01   2.91297E+01   2.90210E+01
   2.89123E+01   2.88037E+01   2.86951E+01   2.85866E+01   2.84781E+01   2.83697E+01   2.82614E+01   2.81532E+01   2.80451E+01   2.79372E+01
   2.78294E+01   2.77218E+01   2.76143E+01   2.75072E+01   2.74003E+01   2.72937E+01   2.71874E+01   2.70816E+01   2.69763E+01   2.68716E+01
   2.67674E+01   2.66641E+01   2.65615E+01   2.64600E+01   2.63596E+01   2.62604E+01   2.61628E+01   2.60668E+01   2.59726E+01   2.58807E+01
   2.57912E+01   2.57043E+01   2.56205E+01   2.55400E+01   2.54632E+01   2.53903E+01   2.53217E+01   2.52577E+01   2.51984E+01   2.51440E+01
   2.50947E+01   2.50505E+01   2.50113E+01   2.49771E+01   2.49476E+01   2.49226E+01   2.49019E+01   2.48852E+01   2.48721E+01   2.48623E+01
   2.48555E+01   2.48515E+01   2.48498E+01   2.48503E+01   2.48526E+01   2.48566E+01   2.48620E+01   2.48687E+01   2.48764E+01   2.48851E+01
   2.48946E+01   2.49048E+01   2.49155E+01   2.49268E+01   2.49384E+01   2.49504E+01   2.49626E+01   2.49749E+01   2.49874E+01   2.50000E+01
   3.00000E+01   2.98912E+01   2.97824E+01   2.96736E+01   2.95648E+01   2.94560E+01   2.93472E+01   2.92385E+01   2.91298E+01   2.90211E+01
   2.89124E+01   2.88038E+01   2.86953E+01   2.85868E+01   2.84783E+01   2.83700E+01   2.82617E+01   2.81536E+01   2.80456E+01   2.79377E+01
   2.78300E+01   2.77224E+01   2.76151E+01   2.75081E+01   2.74013E+01   2.72949E+01   2.71888E+01   2.70832E+01   2.69782E+01   2.68737E+01
   2.67699E+01   2.66668E+01   2.65647E+01   2.64636E+01   2.63637E+01   2.62651E+01   2.61680E+01   2.60727E+01   2.59793E+01   2.58881E+01
   2.57994E+01   2.57134E+01   2.56305E+01   2.55508E+01   2.54748E+01   2.54027E+01   2.53348E+01   2.52713E+01   2.52125E+01   2.51584E+01
   2.51092E+01   2.50648E+01   2.50254E+01   2.49907E+01   2.49606E+01   2.49350E+01   2.49135E+01   2.48960E+01   2.48820E+01   2.48714E+01
   2.48638E+01   2.48589E+01   2.48564E+01   2.48561E+01   2.48578E+01   2.48612E+01   2.48660E+01   2.48722E+01   2.48794E+01   2.48877E+01
   2.48968E+01   2.49067E+01   2.49171E+01   2.49281E+01   2.49395E+01   2.49512E+01   2.49632E+01   2.49753E+01   2.49876E+01   2.50000E+01
   3.00000E+01   2.98912E+01   2.97824E+01   2.96736E+01   2.95648E+01   2.94560E+01   2.93473E+01   2.92385E+01   2.91298E+01   2.90212E+01
   2.89125E+01   2.88039E+01   2.86954E+01   2.85869E+01   2.84785E+01   2.83702E+01   2.82620E+01   2.81539E+01   2.80459E+01   2.79380E+01
   2.78304E+01   2.77229E+01   2.76157E+01   2.75087E+01   2.74020E+01   2.72957E+01   2.71898E+01   2.70843E+01   2.69794E+01   2.68751E+01
   2.67715E+01   2.66687E+01   2.65669E+01   2.64661E+01   2.63665E+01   2.62682E+01   2.61716E+01   2.60767E+01   2.59838E+01   2.58931E+01
   2.58049E+01   2.57195E+01   2.56371E+01   2.55580E+01   2.54826E+01   2.54110E+01   2.53435E+01   2.52804E+01   2.52218E+01   2.51678E+01
   2.51187E+01   2.50743E+01   2.50347E+01   2.49997E+01   2.49693E+01   2.49432E+01   2.49212E+01   2.49031E+01   2.48886E+01   2.48774E+01
   2.48692E+01   2.48638E+01   2.48608E+01   2.48601E+01   2.48613E+01   2.48642E+01   2.48687E+01   2.48745E+01   2.48815E+01   2.48895E+01
   2.48983E+01   2.49079E+01   2.49182E+01   2.49290E+01   2.49402E+01   2.49517E+01   2.49636E+01   2.49756E+01   2.49878E+01   2.50000E+01
   3.00000E+01   2.98912E+01   2.97824E+01   2.96736E+01   2.95648E+01   2.94561E+01   2.93473E+01   2.92386E+01   2.91299E+01   2.90212E+01
   2.89126E+01   2.88040E+01   2.86955E+01   2.85870E+01   2.84786E+01   2.83703E+01   2.82621E+01   2.81540E+01   2.80460E+01   2.79382E+01
   2.78306E+01   2.77231E+01   2.76159E+01   2.75090E+01   2.74024E+01   2.72961E+01   2.71903E+01   2.70849E+01   2.69800E+01   2.68758E+01
   2.67723E+01   2.66697E+01   2.65679E+01   2.64673E+01   2.63679E+01   2.62698E+01   2.61734E+01   2.60787E+01   2.59861E+01   2.58956E+01
   2.58077E+01   2.57226E+01   2.56404E+01   2.55616E+01   2.54864E+01   2.54151E+01   2.53478E+01   2.52849E+01   2.52264E+01   2.51725E+01
   2.51234E+01   2.50790E+01   2.50393E+01   2.50042E+01   2.49736E+01   2.49473E+01   2.49251E+01   2.49067E+01   2.48919E+01   2.48805E+01
   2.48720E+01   2.48663E+01   2.48631E+01   2.48621E+01   2.48630E+01   2.48658E+01   2.48701E+01   2.48757E+01   2.48825E+01   2.48904E+01
   2.48991E+01   2.49086E+01   2.49187E+01   2.49294E+01   2.49405E+01   2.49520E+01   2.49638E+01   2.49757E+01   2.49878E+01   2.50000E+01
