1	1	30.000000
2	1	29.996084
3	1	29.992127
4	1	29.988087
5	1	29.983921
6	1	29.979587
7	1	29.975041
8	1	29.970238
9	1	29.965134
10	1	29.959682
11	1	29.953832
12	1	29.947535
13	1	29.940739
14	1	29.933390
15	1	29.925433
16	1	29.916809
17	1	29.907459
18	1	29.897320
19	1	29.886326
20	1	29.874411
21	1	29.861506
22	1	29.847536
23	1	29.832429
24	1	29.816107
25	1	29.798490
26	1	29.779498
27	1	29.759046
28	1	29.737048
29	1	29.713418
30	1	29.688067
31	1	29.660903
32	1	29.631836
33	1	29.600774
34	1	29.567624
35	1	29.532294
36	1	29.494690
37	1	29.454721
38	1	29.412297
39	1	29.367327
40	1	29.319726
41	1	29.269409
42	1	29.216292
43	1	29.160299
44	1	29.101356
45	1	29.039391
46	1	28.974341
47	1	28.906146
48	1	28.834754
49	1	28.760117
50	1	28.682198
51	1	28.600963
52	1	28.516390
53	1	28.428464
54	1	28.337177
55	1	28.242533
56	1	28.144546
57	1	28.043236
58	1	27.938638
59	1	27.830794
60	1	27.719757
61	1	27.605593
62	1	27.488375
63	1	27.368190
64	1	27.245132
65	1	27.119308
66	1	26.990835
67	1	26.859839
68	1	26.726455
69	1	26.590829
70	1	26.453115
71	1	26.313474
72	1	26.172076
73	1	26.029098
74	1	25.884723
75	1	25.739139
76	1	25.592540
77	1	25.445124
78	1	25.297093
79	1	25.148650
80	1	25.000000
1	2	30.000000
2	2	29.996084
3	2	29.992127
4	2	29.988087
5	2	29.983921
6	2	29.979587
7	2	29.975041
8	2	29.970238
9	2	29.965134
10	2	29.959682
11	2	29.953832
12	2	29.947535
13	2	29.940739
14	2	29.933390
15	2	29.925433
16	2	29.916809
17	2	29.907459
18	2	29.897320
19	2	29.886326
20	2	29.874411
21	2	29.861506
22	2	29.847536
23	2	29.832429
24	2	29.816107
25	2	29.798490
26	2	29.779498
27	2	29.759046
28	2	29.737048
29	2	29.713418
30	2	29.688067
31	2	29.660903
32	2	29.631836
33	2	29.600774
34	2	29.567624
35	2	29.532294
36	2	29.494690
37	2	29.454721
38	2	29.412297
39	2	29.367327
40	2	29.319726
41	2	29.269409
42	2	29.216292
43	2	29.160299
44	2	29.101356
45	2	29.039391
46	2	28.974341
47	2	28.906146
48	2	28.834754
49	2	28.760117
50	2	28.682198
51	2	28.600963
52	2	28.516390
53	2	28.428464
54	2	28.337177
55	2	28.242533
56	2	28.144546
57	2	28.043236
58	2	27.938638
59	2	27.830794
60	2	27.719757
61	2	27.605593
62	2	27.488375
63	2	27.368190
64	2	27.245132
65	2	27.119308
66	2	26.990835
67	2	26.859839
68	2	26.726455
69	2	26.590829
70	2	26.453115
71	2	26.313474
72	2	26.172076
73	2	26.029098
74	2	25.884723
75	2	25.739139
76	2	25.592540
77	2	25.445124
78	2	25.297093
79	2	25.148650
80	2	25.000000
1	3	30.000000
2	3	29.996084
3	3	29.992127
4	3	29.988087
5	3	29.983921
6	3	29.979587
7	3	29.975041
8	3	29.970238
9	3	29.965134
10	3	29.959682
11	3	29.953832
12	3	29.947535
13	3	29.940739
14	3	29.933390
15	3	29.925433
16	3	29.916809
17	3	29.907459
18	3	29.897320
19	3	29.886326
20	3	29.874411
21	3	29.861506
22	3	29.847536
23	3	29.832429
24	3	29.816107
25	3	29.798490
26	3	29.779498
27	3	29.759046
28	3	29.737048
29	3	29.713418
30	3	29.688067
31	3	29.660903
32	3	29.631836
33	3	29.600774
34	3	29.567624
35	3	29.532294
36	3	29.494690
37	3	29.454721
38	3	29.412297
39	3	29.367327
40	3	29.319726
41	3	29.269409
42	3	29.216292
43	3	29.160299
44	3	29.101356
45	3	29.039391
46	3	28.974341
47	3	28.906146
48	3	28.834754
49	3	28.760117
50	3	28.682198
51	3	28.600963
52	3	28.516390
53	3	28.428464
54	3	28.337177
55	3	28.242533
56	3	28.144546
57	3	28.043236
58	3	27.938638
59	3	27.830794
60	3	27.719757
61	3	27.605593
62	3	27.488375
63	3	27.368190
64	3	27.245132
65	3	27.119308
66	3	26.990835
67	3	26.859839
68	3	26.726455
69	3	26.590829
70	3	26.453115
71	3	26.313474
72	3	26.172076
73	3	26.029098
74	3	25.884723
75	3	25.739139
76	3	25.592540
77	3	25.445124
78	3	25.297093
79	3	25.148650
80	3	25.000000
1	4	30.000000
2	4	29.996084
3	4	29.992127
4	4	29.988087
5	4	29.983921
6	4	29.979587
7	4	29.975041
8	4	29.970238
9	4	29.965134
10	4	29.959682
11	4	29.953832
12	4	29.947535
13	4	29.940739
14	4	29.933390
15	4	29.925433
16	4	29.916809
17	4	29.907459
18	4	29.897320
19	4	29.886326
20	4	29.874411
21	4	29.861506
22	4	29.847536
23	4	29.832429
24	4	29.816107
25	4	29.798490
26	4	29.779498
27	4	29.759046
28	4	29.737048
29	4	29.713418
30	4	29.688067
31	4	29.660903
32	4	29.631836
33	4	29.600774
34	4	29.567624
35	4	29.532294
36	4	29.494690
37	4	29.454721
38	4	29.412297
39	4	29.367327
40	4	29.319726
41	4	29.269409
42	4	29.216292
43	4	29.160299
44	4	29.101356
45	4	29.039391
46	4	28.974341
47	4	28.906146
48	4	28.834754
49	4	28.760117
50	4	28.682198
51	4	28.600963
52	4	28.516390
53	4	28.428464
54	4	28.337177
55	4	28.242533
56	4	28.144546
57	4	28.043236
58	4	27.938638
59	4	27.830794
60	4	27.719757
61	4	27.605593
62	4	27.488375
63	4	27.368190
64	4	27.245132
65	4	27.119308
66	4	26.990835
67	4	26.859839
68	4	26.726455
69	4	26.590829
70	4	26.453115
71	4	26.313474
72	4	26.172076
73	4	26.029098
74	4	25.884723
75	4	25.739139
76	4	25.592540
77	4	25.445124
78	4	25.297093
79	4	25.148650
80	4	25.000000
1	5	30.000000
2	5	29.996084
3	5	29.992127
4	5	29.988087
5	5	29.983921
6	5	29.979587
7	5	29.975041
8	5	29.970238
9	5	29.965134
10	5	29.959682
11	5	29.953832
12	5	29.947535
13	5	29.940739
14	5	29.933390
15	5	29.925433
16	5	29.916809
17	5	29.907459
18	5	29.897320
19	5	29.886326
20	5	29.874411
21	5	29.861506
22	5	29.847536
23	5	29.832429
24	5	29.816107
25	5	29.798490
26	5	29.779498
27	5	29.759046
28	5	29.737048
29	5	29.713418
30	5	29.688067
31	5	29.660903
32	5	29.631836
33	5	29.600774
34	5	29.567624
35	5	29.532294
36	5	29.494690
37	5	29.454721
38	5	29.412297
39	5	29.367327
40	5	29.319726
41	5	29.269409
42	5	29.216292
43	5	29.160299
44	5	29.101356
45	5	29.039391
46	5	28.974341
47	5	28.906146
48	5	28.834754
49	5	28.760117
50	5	28.682198
51	5	28.600963
52	5	28.516390
53	5	28.428464
54	5	28.337177
55	5	28.242533
56	5	28.144546
57	5	28.043236
58	5	27.938638
59	5	27.830794
60	5	27.719757
61	5	27.605593
62	5	27.488375
63	5	27.368190
64	5	27.245132
65	5	27.119308
66	5	26.990835
67	5	26.859839
68	5	26.726455
69	5	26.590829
70	5	26.453115
71	5	26.313474
72	5	26.172076
73	5	26.029098
74	5	25.884723
75	5	25.739139
76	5	25.592540
77	5	25.445124
78	5	25.297093
79	5	25.148650
80	5	25.000000
1	6	30.000000
2	6	29.996084
3	6	29.992127
4	6	29.988087
5	6	29.983921
6	6	29.979587
7	6	29.975041
8	6	29.970238
9	6	29.965134
10	6	29.959682
11	6	29.953832
12	6	29.947535
13	6	29.940739
14	6	29.933390
15	6	29.925433
16	6	29.916809
17	6	29.907459
18	6	29.897320
19	6	29.886326
20	6	29.874411
21	6	29.861506
22	6	29.847536
23	6	29.832429
24	6	29.816107
25	6	29.798490
26	6	29.779498
27	6	29.759046
28	6	29.737048
29	6	29.713418
30	6	29.688067
31	6	29.660903
32	6	29.631836
33	6	29.600774
34	6	29.567624
35	6	29.532294
36	6	29.494690
37	6	29.454721
38	6	29.412297
39	6	29.367327
40	6	29.319726
41	6	29.269409
42	6	29.216292
43	6	29.160299
44	6	29.101356
45	6	29.039391
46	6	28.974341
47	6	28.906146
48	6	28.834754
49	6	28.760117
50	6	28.682198
51	6	28.600963
52	6	28.516390
53	6	28.428464
54	6	28.337177
55	6	28.242533
56	6	28.144546
57	6	28.043236
58	6	27.938638
59	6	27.830794
60	6	27.719757
61	6	27.605593
62	6	27.488375
63	6	27.368190
64	6	27.245132
65	6	27.119308
66	6	26.990835
67	6	26.859839
68	6	26.726455
69	6	26.590829
70	6	26.453115
71	6	26.313474
72	6	26.172076
73	6	26.029098
74	6	25.884723
75	6	25.739139
76	6	25.592540
77	6	25.445124
78	6	25.297093
79	6	25.148650
80	6	25.000000
1	7	30.000000
2	7	29.996084
3	7	29.992127
4	7	29.988087
5	7	29.983921
6	7	29.979587
7	7	29.975041
8	7	29.970238
9	7	29.965134
10	7	29.959682
11	7	29.953832
12	7	29.947535
13	7	29.940739
14	7	29.933390
15	7	29.925433
16	7	29.916809
17	7	29.907459
18	7	29.897320
19	7	29.886326
20	7	29.874411
21	7	29.861506
22	7	29.847536
23	7	29.832429
24	7	29.816107
25	7	29.798490
26	7	29.779498
27	7	29.759046
28	7	29.737048
29	7	29.713418
30	7	29.688067
31	7	29.660903
32	7	29.631836
33	7	29.600774
34	7	29.567624
35	7	29.532294
36	7	29.494690
37	7	29.454721
38	7	29.412297
39	7	29.367327
40	7	29.319726
41	7	29.269409
42	7	29.216292
43	7	29.160299
44	7	29.101356
45	7	29.039391
46	7	28.974341
47	7	28.906146
48	7	28.834754
49	7	28.760117
50	7	28.682198
51	7	28.600963
52	7	28.516390
53	7	28.428464
54	7	28.337177
55	7	28.242533
56	7	28.144546
57	7	28.043236
58	7	27.938638
59	7	27.830794
60	7	27.719757
61	7	27.605593
62	7	27.488375
63	7	27.368190
64	7	27.245132
65	7	27.119308
66	7	26.990835
67	7	26.859839
68	7	26.726455
69	7	26.590829
70	7	26.453115
71	7	26.313474
72	7	26.172076
73	7	26.029098
74	7	25.884723
75	7	25.739139
76	7	25.592540
77	7	25.445124
78	7	25.297093
79	7	25.148650
80	7	25.000000
1	8	30.000000
2	8	29.996084
3	8	29.992127
4	8	29.988087
5	8	29.983921
6	8	29.979587
7	8	29.975041
8	8	29.970238
9	8	29.965134
10	8	29.959682
11	8	29.953832
12	8	29.947535
13	8	29.940739
14	8	29.933390
15	8	29.925433
16	8	29.916809
17	8	29.907459
18	8	29.897320
19	8	29.886326
20	8	29.874411
21	8	29.861506
22	8	29.847536
23	8	29.832429
24	8	29.816107
25	8	29.798490
26	8	29.779498
27	8	29.759046
28	8	29.737048
29	8	29.713418
30	8	29.688067
31	8	29.660903
32	8	29.631836
33	8	29.600774
34	8	29.567624
35	8	29.532294
36	8	29.494690
37	8	29.454721
38	8	29.412297
39	8	29.367327
40	8	29.319726
41	8	29.269409
42	8	29.216292
43	8	29.160299
44	8	29.101356
45	8	29.039391
46	8	28.974341
47	8	28.906146
48	8	28.834754
49	8	28.760117
50	8	28.682198
51	8	28.600963
52	8	28.516390
53	8	28.428464
54	8	28.337177
55	8	28.242533
56	8	28.144546
57	8	28.043236
58	8	27.938638
59	8	27.830794
60	8	27.719757
61	8	27.605593
62	8	27.488375
63	8	27.368190
64	8	27.245132
65	8	27.119308
66	8	26.990835
67	8	26.859839
68	8	26.726455
69	8	26.590829
70	8	26.453115
71	8	26.313474
72	8	26.172076
73	8	26.029098
74	8	25.884723
75	8	25.739139
76	8	25.592540
77	8	25.445124
78	8	25.297093
79	8	25.148650
80	8	25.000000
1	9	30.000000
2	9	29.996084
3	9	29.992127
4	9	29.988087
5	9	29.983921
6	9	29.979587
7	9	29.975041
8	9	29.970238
9	9	29.965134
10	9	29.959682
11	9	29.953832
12	9	29.947535
13	9	29.940739
14	9	29.933390
15	9	29.925433
16	9	29.916809
17	9	29.907459
18	9	29.897320
19	9	29.886326
20	9	29.874411
21	9	29.861506
22	9	29.847536
23	9	29.832429
24	9	29.816107
25	9	29.798490
26	9	29.779498
27	9	29.759046
28	9	29.737048
29	9	29.713418
30	9	29.688067
31	9	29.660903
32	9	29.631836
33	9	29.600774
34	9	29.567624
35	9	29.532294
36	9	29.494690
37	9	29.454721
38	9	29.412297
39	9	29.367327
40	9	29.319726
41	9	29.269409
42	9	29.216292
43	9	29.160299
44	9	29.101356
45	9	29.039391
46	9	28.974341
47	9	28.906146
48	9	28.834754
49	9	28.760117
50	9	28.682198
51	9	28.600963
52	9	28.516390
53	9	28.428464
54	9	28.337177
55	9	28.242533
56	9	28.144546
57	9	28.043236
58	9	27.938638
59	9	27.830794
60	9	27.719757
61	9	27.605593
62	9	27.488375
63	9	27.368190
64	9	27.245132
65	9	27.119308
66	9	26.990835
67	9	26.859839
68	9	26.726455
69	9	26.590829
70	9	26.453115
71	9	26.313474
72	9	26.172076
73	9	26.029098
74	9	25.884723
75	9	25.739139
76	9	25.592540
77	9	25.445124
78	9	25.297093
79	9	25.148650
80	9	25.000000
1	10	30.000000
2	10	29.996084
3	10	29.992127
4	10	29.988087
5	10	29.983921
6	10	29.979587
7	10	29.975041
8	10	29.970238
9	10	29.965134
10	10	29.959682
11	10	29.953832
12	10	29.947535
13	10	29.940739
14	10	29.933390
15	10	29.925433
16	10	29.916809
17	10	29.907459
18	10	29.897320
19	10	29.886326
20	10	29.874411
21	10	29.861506
22	10	29.847536
23	10	29.832429
24	10	29.816107
25	10	29.798490
26	10	29.779498
27	10	29.759046
28	10	29.737048
29	10	29.713418
30	10	29.688067
31	10	29.660903
32	10	29.631836
33	10	29.600774
34	10	29.567624
35	10	29.532294
36	10	29.494690
37	10	29.454721
38	10	29.412297
39	10	29.367327
40	10	29.319726
41	10	29.269409
42	10	29.216292
43	10	29.160299
44	10	29.101356
45	10	29.039391
46	10	28.974341
47	10	28.906146
48	10	28.834754
49	10	28.760117
50	10	28.682198
51	10	28.600963
52	10	28.516390
53	10	28.428464
54	10	28.337177
55	10	28.242533
56	10	28.144546
57	10	28.043236
58	10	27.938638
59	10	27.830794
60	10	27.719757
61	10	27.605593
62	10	27.488375
63	10	27.368190
64	10	27.245132
65	10	27.119308
66	10	26.990835
67	10	26.859839
68	10	26.726455
69	10	26.590829
70	10	26.453115
71	10	26.313474
72	10	26.172076
73	10	26.029098
74	10	25.884723
75	10	25.739139
76	10	25.592540
77	10	25.445124
78	10	25.297093
79	10	25.148650
80	10	25.000000
1	11	30.000000
2	11	29.996084
3	11	29.992127
4	11	29.988087
5	11	29.983921
6	11	29.979587
7	11	29.975041
8	11	29.970238
9	11	29.965134
10	11	29.959682
11	11	29.953832
12	11	29.947535
13	11	29.940739
14	11	29.933390
15	11	29.925433
16	11	29.916809
17	11	29.907459
18	11	29.897320
19	11	29.886326
20	11	29.874411
21	11	29.861506
22	11	29.847536
23	11	29.832429
24	11	29.816107
25	11	29.798490
26	11	29.779498
27	11	29.759046
28	11	29.737048
29	11	29.713418
30	11	29.688067
31	11	29.660903
32	11	29.631836
33	11	29.600774
34	11	29.567624
35	11	29.532294
36	11	29.494690
37	11	29.454721
38	11	29.412297
39	11	29.367327
40	11	29.319726
41	11	29.269409
42	11	29.216292
43	11	29.160299
44	11	29.101356
45	11	29.039391
46	11	28.974341
47	11	28.906146
48	11	28.834754
49	11	28.760117
50	11	28.682198
51	11	28.600963
52	11	28.516390
53	11	28.428464
54	11	28.337177
55	11	28.242533
56	11	28.144546
57	11	28.043236
58	11	27.938638
59	11	27.830794
60	11	27.719757
61	11	27.605593
62	11	27.488375
63	11	27.368190
64	11	27.245132
65	11	27.119308
66	11	26.990835
67	11	26.859839
68	11	26.726455
69	11	26.590829
70	11	26.453115
71	11	26.313474
72	11	26.172076
73	11	26.029098
74	11	25.884723
75	11	25.739139
76	11	25.592540
77	11	25.445124
78	11	25.297093
79	11	25.148650
80	11	25.000000
1	12	30.000000
2	12	29.996084
3	12	29.992127
4	12	29.988087
5	12	29.983921
6	12	29.979587
7	12	29.975041
8	12	29.970238
9	12	29.965134
10	12	29.959682
11	12	29.953832
12	12	29.947535
13	12	29.940739
14	12	29.933390
15	12	29.925433
16	12	29.916809
17	12	29.907459
18	12	29.897320
19	12	29.886326
20	12	29.874411
21	12	29.861506
22	12	29.847536
23	12	29.832429
24	12	29.816107
25	12	29.798490
26	12	29.779498
27	12	29.759046
28	12	29.737048
29	12	29.713418
30	12	29.688067
31	12	29.660903
32	12	29.631836
33	12	29.600774
34	12	29.567624
35	12	29.532294
36	12	29.494690
37	12	29.454721
38	12	29.412297
39	12	29.367327
40	12	29.319726
41	12	29.269409
42	12	29.216292
43	12	29.160299
44	12	29.101356
45	12	29.039391
46	12	28.974341
47	12	28.906146
48	12	28.834754
49	12	28.760117
50	12	28.682198
51	12	28.600963
52	12	28.516390
53	12	28.428464
54	12	28.337177
55	12	28.242533
56	12	28.144546
57	12	28.043236
58	12	27.938638
59	12	27.830794
60	12	27.719757
61	12	27.605593
62	12	27.488375
63	12	27.368190
64	12	27.245132
65	12	27.119308
66	12	26.990835
67	12	26.859839
68	12	26.726455
69	12	26.590829
70	12	26.453115
71	12	26.313474
72	12	26.172076
73	12	26.029098
74	12	25.884723
75	12	25.739139
76	12	25.592540
77	12	25.445124
78	12	25.297093
79	12	25.148650
80	12	25.000000
1	13	30.000000
2	13	29.996084
3	13	29.992127
4	13	29.988087
5	13	29.983921
6	13	29.979587
7	13	29.975041
8	13	29.970238
9	13	29.965134
10	13	29.959682
11	13	29.953832
12	13	29.947535
13	13	29.940739
14	13	29.933390
15	13	29.925433
16	13	29.916809
17	13	29.907459
18	13	29.897320
19	13	29.886326
20	13	29.874411
21	13	29.861506
22	13	29.847536
23	13	29.832429
24	13	29.816107
25	13	29.798490
26	13	29.779498
27	13	29.759046
28	13	29.737048
29	13	29.713418
30	13	29.688067
31	13	29.660903
32	13	29.631836
33	13	29.600774
34	13	29.567624
35	13	29.532294
36	13	29.494690
37	13	29.454721
38	13	29.412297
39	13	29.367327
40	13	29.319726
41	13	29.269409
42	13	29.216292
43	13	29.160299
44	13	29.101356
45	13	29.039391
46	13	28.974341
47	13	28.906146
48	13	28.834754
49	13	28.760117
50	13	28.682198
51	13	28.600963
52	13	28.516390
53	13	28.428464
54	13	28.337177
55	13	28.242533
56	13	28.144546
57	13	28.043236
58	13	27.938638
59	13	27.830794
60	13	27.719757
61	13	27.605593
62	13	27.488375
63	13	27.368190
64	13	27.245132
65	13	27.119308
66	13	26.990835
67	13	26.859839
68	13	26.726455
69	13	26.590829
70	13	26.453115
71	13	26.313474
72	13	26.172076
73	13	26.029098
74	13	25.884723
75	13	25.739139
76	13	25.592540
77	13	25.445124
78	13	25.297093
79	13	25.148650
80	13	25.000000
1	14	30.000000
2	14	29.996084
3	14	29.992127
4	14	29.988087
5	14	29.983921
6	14	29.979587
7	14	29.975041
8	14	29.970238
9	14	29.965134
10	14	29.959682
11	14	29.953832
12	14	29.947535
13	14	29.940739
14	14	29.933390
15	14	29.925433
16	14	29.916809
17	14	29.907459
18	14	29.897320
19	14	29.886326
20	14	29.874411
21	14	29.861506
22	14	29.847536
23	14	29.832429
24	14	29.816107
25	14	29.798490
26	14	29.779498
27	14	29.759046
28	14	29.737048
29	14	29.713418
30	14	29.688067
31	14	29.660903
32	14	29.631836
33	14	29.600774
34	14	29.567624
35	14	29.532294
36	14	29.494690
37	14	29.454721
38	14	29.412297
39	14	29.367327
40	14	29.319726
41	14	29.269409
42	14	29.216292
43	14	29.160299
44	14	29.101356
45	14	29.039391
46	14	28.974341
47	14	28.906146
48	14	28.834754
49	14	28.760117
50	14	28.682198
51	14	28.600963
52	14	28.516390
53	14	28.428464
54	14	28.337177
55	14	28.242533
56	14	28.144546
57	14	28.043236
58	14	27.938638
59	14	27.830794
60	14	27.719757
61	14	27.605593
62	14	27.488375
63	14	27.368190
64	14	27.245132
65	14	27.119308
66	14	26.990835
67	14	26.859839
68	14	26.726455
69	14	26.590829
70	14	26.453115
71	14	26.313474
72	14	26.172076
73	14	26.029098
74	14	25.884723
75	14	25.739139
76	14	25.592540
77	14	25.445124
78	14	25.297093
79	14	25.148650
80	14	25.000000
1	15	30.000000
2	15	29.996084
3	15	29.992127
4	15	29.988087
5	15	29.983921
6	15	29.979587
7	15	29.975041
8	15	29.970238
9	15	29.965134
10	15	29.959682
11	15	29.953832
12	15	29.947535
13	15	29.940739
14	15	29.933390
15	15	29.925433
16	15	29.916809
17	15	29.907459
18	15	29.897320
19	15	29.886326
20	15	29.874411
21	15	29.861506
22	15	29.847536
23	15	29.832429
24	15	29.816107
25	15	29.798490
26	15	29.779498
27	15	29.759046
28	15	29.737048
29	15	29.713418
30	15	29.688067
31	15	29.660903
32	15	29.631836
33	15	29.600774
34	15	29.567624
35	15	29.532294
36	15	29.494690
37	15	29.454721
38	15	29.412297
39	15	29.367327
40	15	29.319726
41	15	29.269409
42	15	29.216292
43	15	29.160299
44	15	29.101356
45	15	29.039391
46	15	28.974341
47	15	28.906146
48	15	28.834754
49	15	28.760117
50	15	28.682198
51	15	28.600963
52	15	28.516390
53	15	28.428464
54	15	28.337177
55	15	28.242533
56	15	28.144546
57	15	28.043236
58	15	27.938638
59	15	27.830794
60	15	27.719757
61	15	27.605593
62	15	27.488375
63	15	27.368190
64	15	27.245132
65	15	27.119308
66	15	26.990835
67	15	26.859839
68	15	26.726455
69	15	26.590829
70	15	26.453115
71	15	26.313474
72	15	26.172076
73	15	26.029098
74	15	25.884723
75	15	25.739139
76	15	25.592540
77	15	25.445124
78	15	25.297093
79	15	25.148650
80	15	25.000000
1	16	30.000000
2	16	29.996084
3	16	29.992127
4	16	29.988087
5	16	29.983921
6	16	29.979587
7	16	29.975041
8	16	29.970238
9	16	29.965134
10	16	29.959682
11	16	29.953832
12	16	29.947535
13	16	29.940739
14	16	29.933390
15	16	29.925433
16	16	29.916809
17	16	29.907459
18	16	29.897320
19	16	29.886326
20	16	29.874411
21	16	29.861506
22	16	29.847536
23	16	29.832429
24	16	29.816107
25	16	29.798490
26	16	29.779498
27	16	29.759046
28	16	29.737048
29	16	29.713418
30	16	29.688067
31	16	29.660903
32	16	29.631836
33	16	29.600774
34	16	29.567624
35	16	29.532294
36	16	29.494690
37	16	29.454721
38	16	29.412297
39	16	29.367327
40	16	29.319726
41	16	29.269409
42	16	29.216292
43	16	29.160299
44	16	29.101356
45	16	29.039391
46	16	28.974341
47	16	28.906146
48	16	28.834754
49	16	28.760117
50	16	28.682198
51	16	28.600963
52	16	28.516390
53	16	28.428464
54	16	28.337177
55	16	28.242533
56	16	28.144546
57	16	28.043236
58	16	27.938638
59	16	27.830794
60	16	27.719757
61	16	27.605593
62	16	27.488375
63	16	27.368190
64	16	27.245132
65	16	27.119308
66	16	26.990835
67	16	26.859839
68	16	26.726455
69	16	26.590829
70	16	26.453115
71	16	26.313474
72	16	26.172076
73	16	26.029098
74	16	25.884723
75	16	25.739139
76	16	25.592540
77	16	25.445124
78	16	25.297093
79	16	25.148650
80	16	25.000000
1	17	30.000000
2	17	29.996084
3	17	29.992127
4	17	29.988087
5	17	29.983921
6	17	29.979587
7	17	29.975041
8	17	29.970238
9	17	29.965134
10	17	29.959682
11	17	29.953832
12	17	29.947535
13	17	29.940739
14	17	29.933390
15	17	29.925433
16	17	29.916809
17	17	29.907459
18	17	29.897320
19	17	29.886326
20	17	29.874411
21	17	29.861506
22	17	29.847536
23	17	29.832429
24	17	29.816107
25	17	29.798490
26	17	29.779498
27	17	29.759046
28	17	29.737048
29	17	29.713418
30	17	29.688067
31	17	29.660903
32	17	29.631836
33	17	29.600774
34	17	29.567624
35	17	29.532294
36	17	29.494690
37	17	29.454721
38	17	29.412297
39	17	29.367327
40	17	29.319726
41	17	29.269409
42	17	29.216292
43	17	29.160299
44	17	29.101356
45	17	29.039391
46	17	28.974341
47	17	28.906146
48	17	28.834754
49	17	28.760117
50	17	28.682198
51	17	28.600963
52	17	28.516390
53	17	28.428464
54	17	28.337177
55	17	28.242533
56	17	28.144546
57	17	28.043236
58	17	27.938638
59	17	27.830794
60	17	27.719757
61	17	27.605593
62	17	27.488375
63	17	27.368190
64	17	27.245132
65	17	27.119308
66	17	26.990835
67	17	26.859839
68	17	26.726455
69	17	26.590829
70	17	26.453115
71	17	26.313474
72	17	26.172076
73	17	26.029098
74	17	25.884723
75	17	25.739139
76	17	25.592540
77	17	25.445124
78	17	25.297093
79	17	25.148650
80	17	25.000000
1	18	30.000000
2	18	29.996084
3	18	29.992127
4	18	29.988087
5	18	29.983921
6	18	29.979587
7	18	29.975041
8	18	29.970238
9	18	29.965134
10	18	29.959682
11	18	29.953832
12	18	29.947535
13	18	29.940739
14	18	29.933390
15	18	29.925433
16	18	29.916809
17	18	29.907459
18	18	29.897320
19	18	29.886326
20	18	29.874411
21	18	29.861506
22	18	29.847536
23	18	29.832429
24	18	29.816107
25	18	29.798490
26	18	29.779498
27	18	29.759046
28	18	29.737048
29	18	29.713418
30	18	29.688067
31	18	29.660903
32	18	29.631836
33	18	29.600774
34	18	29.567624
35	18	29.532294
36	18	29.494690
37	18	29.454721
38	18	29.412297
39	18	29.367327
40	18	29.319726
41	18	29.269409
42	18	29.216292
43	18	29.160299
44	18	29.101356
45	18	29.039391
46	18	28.974341
47	18	28.906146
48	18	28.834754
49	18	28.760117
50	18	28.682198
51	18	28.600963
52	18	28.516390
53	18	28.428464
54	18	28.337177
55	18	28.242533
56	18	28.144546
57	18	28.043236
58	18	27.938638
59	18	27.830794
60	18	27.719757
61	18	27.605593
62	18	27.488375
63	18	27.368190
64	18	27.245132
65	18	27.119308
66	18	26.990835
67	18	26.859839
68	18	26.726455
69	18	26.590829
70	18	26.453115
71	18	26.313474
72	18	26.172076
73	18	26.029098
74	18	25.884723
75	18	25.739139
76	18	25.592540
77	18	25.445124
78	18	25.297093
79	18	25.148650
80	18	25.000000
1	19	30.000000
2	19	29.996084
3	19	29.992127
4	19	29.988087
5	19	29.983921
6	19	29.979587
7	19	29.975041
8	19	29.970238
9	19	29.965134
10	19	29.959682
11	19	29.953832
12	19	29.947535
13	19	29.940739
14	19	29.933390
15	19	29.925433
16	19	29.916809
17	19	29.907459
18	19	29.897320
19	19	29.886326
20	19	29.874411
21	19	29.861506
22	19	29.847536
23	19	29.832429
24	19	29.816107
25	19	29.798490
26	19	29.779498
27	19	29.759046
28	19	29.737048
29	19	29.713418
30	19	29.688067
31	19	29.660903
32	19	29.631836
33	19	29.600774
34	19	29.567624
35	19	29.532294
36	19	29.494690
37	19	29.454721
38	19	29.412297
39	19	29.367327
40	19	29.319726
41	19	29.269409
42	19	29.216292
43	19	29.160299
44	19	29.101356
45	19	29.039391
46	19	28.974341
47	19	28.906146
48	19	28.834754
49	19	28.760117
50	19	28.682198
51	19	28.600963
52	19	28.516390
53	19	28.428464
54	19	28.337177
55	19	28.242533
56	19	28.144546
57	19	28.043236
58	19	27.938638
59	19	27.830794
60	19	27.719757
61	19	27.605593
62	19	27.488375
63	19	27.368190
64	19	27.245132
65	19	27.119308
66	19	26.990835
67	19	26.859839
68	19	26.726455
69	19	26.590829
70	19	26.453115
71	19	26.313474
72	19	26.172076
73	19	26.029098
74	19	25.884723
75	19	25.739139
76	19	25.592540
77	19	25.445124
78	19	25.297093
79	19	25.148650
80	19	25.000000
1	20	30.000000
2	20	29.996084
3	20	29.992127
4	20	29.988087
5	20	29.983921
6	20	29.979587
7	20	29.975041
8	20	29.970238
9	20	29.965134
10	20	29.959682
11	20	29.953832
12	20	29.947535
13	20	29.940739
14	20	29.933390
15	20	29.925433
16	20	29.916809
17	20	29.907459
18	20	29.897320
19	20	29.886326
20	20	29.874411
21	20	29.861506
22	20	29.847536
23	20	29.832429
24	20	29.816107
25	20	29.798490
26	20	29.779498
27	20	29.759046
28	20	29.737048
29	20	29.713418
30	20	29.688067
31	20	29.660903
32	20	29.631836
33	20	29.600774
34	20	29.567624
35	20	29.532294
36	20	29.494690
37	20	29.454721
38	20	29.412297
39	20	29.367327
40	20	29.319726
41	20	29.269409
42	20	29.216292
43	20	29.160299
44	20	29.101356
45	20	29.039391
46	20	28.974341
47	20	28.906146
48	20	28.834754
49	20	28.760117
50	20	28.682198
51	20	28.600963
52	20	28.516390
53	20	28.428464
54	20	28.337177
55	20	28.242533
56	20	28.144546
57	20	28.043236
58	20	27.938638
59	20	27.830794
60	20	27.719757
61	20	27.605593
62	20	27.488375
63	20	27.368190
64	20	27.245132
65	20	27.119308
66	20	26.990835
67	20	26.859839
68	20	26.726455
69	20	26.590829
70	20	26.453115
71	20	26.313474
72	20	26.172076
73	20	26.029098
74	20	25.884723
75	20	25.739139
76	20	25.592540
77	20	25.445124
78	20	25.297093
79	20	25.148650
80	20	25.000000
1	21	30.000000
2	21	29.996084
3	21	29.992127
4	21	29.988087
5	21	29.983921
6	21	29.979587
7	21	29.975041
8	21	29.970238
9	21	29.965134
10	21	29.959682
11	21	29.953832
12	21	29.947535
13	21	29.940739
14	21	29.933390
15	21	29.925433
16	21	29.916809
17	21	29.907459
18	21	29.897320
19	21	29.886326
20	21	29.874411
21	21	29.861506
22	21	29.847536
23	21	29.832429
24	21	29.816107
25	21	29.798490
26	21	29.779498
27	21	29.759046
28	21	29.737048
29	21	29.713418
30	21	29.688067
31	21	29.660903
32	21	29.631836
33	21	29.600774
34	21	29.567624
35	21	29.532294
36	21	29.494690
37	21	29.454721
38	21	29.412297
39	21	29.367327
40	21	29.319726
41	21	29.269409
42	21	29.216292
43	21	29.160299
44	21	29.101356
45	21	29.039391
46	21	28.974341
47	21	28.906146
48	21	28.834754
49	21	28.760117
50	21	28.682198
51	21	28.600963
52	21	28.516390
53	21	28.428464
54	21	28.337177
55	21	28.242533
56	21	28.144546
57	21	28.043236
58	21	27.938638
59	21	27.830794
60	21	27.719757
61	21	27.605593
62	21	27.488375
63	21	27.368190
64	21	27.245132
65	21	27.119308
66	21	26.990835
67	21	26.859839
68	21	26.726455
69	21	26.590829
70	21	26.453115
71	21	26.313474
72	21	26.172076
73	21	26.029098
74	21	25.884723
75	21	25.739139
76	21	25.592540
77	21	25.445124
78	21	25.297093
79	21	25.148650
80	21	25.000000
1	22	30.000000
2	22	29.996084
3	22	29.992127
4	22	29.988087
5	22	29.983921
6	22	29.979587
7	22	29.975041
8	22	29.970238
9	22	29.965134
10	22	29.959682
11	22	29.953832
12	22	29.947535
13	22	29.940739
14	22	29.933390
15	22	29.925433
16	22	29.916809
17	22	29.907459
18	22	29.897320
19	22	29.886326
20	22	29.874411
21	22	29.861506
22	22	29.847536
23	22	29.832429
24	22	29.816107
25	22	29.798490
26	22	29.779498
27	22	29.759046
28	22	29.737048
29	22	29.713418
30	22	29.688067
31	22	29.660903
32	22	29.631836
33	22	29.600774
34	22	29.567624
35	22	29.532294
36	22	29.494690
37	22	29.454721
38	22	29.412297
39	22	29.367327
40	22	29.319726
41	22	29.269409
42	22	29.216292
43	22	29.160299
44	22	29.101356
45	22	29.039391
46	22	28.974341
47	22	28.906146
48	22	28.834754
49	22	28.760117
50	22	28.682198
51	22	28.600963
52	22	28.516390
53	22	28.428464
54	22	28.337177
55	22	28.242533
56	22	28.144546
57	22	28.043236
58	22	27.938638
59	22	27.830794
60	22	27.719757
61	22	27.605593
62	22	27.488375
63	22	27.368190
64	22	27.245132
65	22	27.119308
66	22	26.990835
67	22	26.859839
68	22	26.726455
69	22	26.590829
70	22	26.453115
71	22	26.313474
72	22	26.172076
73	22	26.029098
74	22	25.884723
75	22	25.739139
76	22	25.592540
77	22	25.445124
78	22	25.297093
79	22	25.148650
80	22	25.000000
1	23	30.000000
2	23	29.996084
3	23	29.992127
4	23	29.988087
5	23	29.983921
6	23	29.979587
7	23	29.975041
8	23	29.970238
9	23	29.965134
10	23	29.959682
11	23	29.953832
12	23	29.947535
13	23	29.940739
14	23	29.933390
15	23	29.925433
16	23	29.916809
17	23	29.907459
18	23	29.897320
19	23	29.886326
20	23	29.874411
21	23	29.861506
22	23	29.847536
23	23	29.832429
24	23	29.816107
25	23	29.798490
26	23	29.779498
27	23	29.759046
28	23	29.737048
29	23	29.713418
30	23	29.688067
31	23	29.660903
32	23	29.631836
33	23	29.600774
34	23	29.567624
35	23	29.532294
36	23	29.494690
37	23	29.454721
38	23	29.412297
39	23	29.367327
40	23	29.319726
41	23	29.269409
42	23	29.216292
43	23	29.160299
44	23	29.101356
45	23	29.039391
46	23	28.974341
47	23	28.906146
48	23	28.834754
49	23	28.760117
50	23	28.682198
51	23	28.600963
52	23	28.516390
53	23	28.428464
54	23	28.337177
55	23	28.242533
56	23	28.144546
57	23	28.043236
58	23	27.938638
59	23	27.830794
60	23	27.719757
61	23	27.605593
62	23	27.488375
63	23	27.368190
64	23	27.245132
65	23	27.119308
66	23	26.990835
67	23	26.859839
68	23	26.726455
69	23	26.590829
70	23	26.453115
71	23	26.313474
72	23	26.172076
73	23	26.029098
74	23	25.884723
75	23	25.739139
76	23	25.592540
77	23	25.445124
78	23	25.297093
79	23	25.148650
80	23	25.000000
1	24	30.000000
2	24	29.996084
3	24	29.992127
4	24	29.988087
5	24	29.983921
6	24	29.979587
7	24	29.975041
8	24	29.970238
9	24	29.965134
10	24	29.959682
11	24	29.953832
12	24	29.947535
13	24	29.940739
14	24	29.933390
15	24	29.925433
16	24	29.916809
17	24	29.907459
18	24	29.897320
19	24	29.886326
20	24	29.874411
21	24	29.861506
22	24	29.847536
23	24	29.832429
24	24	29.816107
25	24	29.798490
26	24	29.779498
27	24	29.759046
28	24	29.737048
29	24	29.713418
30	24	29.688067
31	24	29.660903
32	24	29.631836
33	24	29.600774
34	24	29.567624
35	24	29.532294
36	24	29.494690
37	24	29.454721
38	24	29.412297
39	24	29.367327
40	24	29.319726
41	24	29.269409
42	24	29.216292
43	24	29.160299
44	24	29.101356
45	24	29.039391
46	24	28.974341
47	24	28.906146
48	24	28.834754
49	24	28.760117
50	24	28.682198
51	24	28.600963
52	24	28.516390
53	24	28.428464
54	24	28.337177
55	24	28.242533
56	24	28.144546
57	24	28.043236
58	24	27.938638
59	24	27.830794
60	24	27.719757
61	24	27.605593
62	24	27.488375
63	24	27.368190
64	24	27.245132
65	24	27.119308
66	24	26.990835
67	24	26.859839
68	24	26.726455
69	24	26.590829
70	24	26.453115
71	24	26.313474
72	24	26.172076
73	24	26.029098
74	24	25.884723
75	24	25.739139
76	24	25.592540
77	24	25.445124
78	24	25.297093
79	24	25.148650
80	24	25.000000
1	25	30.000000
2	25	29.996084
3	25	29.992127
4	25	29.988087
5	25	29.983921
6	25	29.979587
7	25	29.975041
8	25	29.970238
9	25	29.965134
10	25	29.959682
11	25	29.953832
12	25	29.947535
13	25	29.940739
14	25	29.933390
15	25	29.925433
16	25	29.916809
17	25	29.907459
18	25	29.897320
19	25	29.886326
20	25	29.874411
21	25	29.861506
22	25	29.847536
23	25	29.832429
24	25	29.816107
25	25	29.798490
26	25	29.779498
27	25	29.759046
28	25	29.737048
29	25	29.713418
30	25	29.688067
31	25	29.660903
32	25	29.631836
33	25	29.600774
34	25	29.567624
35	25	29.532294
36	25	29.494690
37	25	29.454721
38	25	29.412297
39	25	29.367327
40	25	29.319726
41	25	29.269409
42	25	29.216292
43	25	29.160299
44	25	29.101356
45	25	29.039391
46	25	28.974341
47	25	28.906146
48	25	28.834754
49	25	28.760117
50	25	28.682198
51	25	28.600963
52	25	28.516390
53	25	28.428464
54	25	28.337177
55	25	28.242533
56	25	28.144546
57	25	28.043236
58	25	27.938638
59	25	27.830794
60	25	27.719757
61	25	27.605593
62	25	27.488375
63	25	27.368190
64	25	27.245132
65	25	27.119308
66	25	26.990835
67	25	26.859839
68	25	26.726455
69	25	26.590829
70	25	26.453115
71	25	26.313474
72	25	26.172076
73	25	26.029098
74	25	25.884723
75	25	25.739139
76	25	25.592540
77	25	25.445124
78	25	25.297093
79	25	25.148650
80	25	25.000000
1	26	30.000000
2	26	29.996084
3	26	29.992127
4	26	29.988087
5	26	29.983921
6	26	29.979587
7	26	29.975041
8	26	29.970238
9	26	29.965134
10	26	29.959682
11	26	29.953832
12	26	29.947535
13	26	29.940739
14	26	29.933390
15	26	29.925433
16	26	29.916809
17	26	29.907459
18	26	29.897320
19	26	29.886326
20	26	29.874411
21	26	29.861506
22	26	29.847536
23	26	29.832429
24	26	29.816107
25	26	29.798490
26	26	29.779498
27	26	29.759046
28	26	29.737048
29	26	29.713418
30	26	29.688067
31	26	29.660903
32	26	29.631836
33	26	29.600774
34	26	29.567624
35	26	29.532294
36	26	29.494690
37	26	29.454721
38	26	29.412297
39	26	29.367327
40	26	29.319726
41	26	29.269409
42	26	29.216292
43	26	29.160299
44	26	29.101356
45	26	29.039391
46	26	28.974341
47	26	28.906146
48	26	28.834754
49	26	28.760117
50	26	28.682198
51	26	28.600963
52	26	28.516390
53	26	28.428464
54	26	28.337177
55	26	28.242533
56	26	28.144546
57	26	28.043236
58	26	27.938638
59	26	27.830794
60	26	27.719757
61	26	27.605593
62	26	27.488375
63	26	27.368190
64	26	27.245132
65	26	27.119308
66	26	26.990835
67	26	26.859839
68	26	26.726455
69	26	26.590829
70	26	26.453115
71	26	26.313474
72	26	26.172076
73	26	26.029098
74	26	25.884723
75	26	25.739139
76	26	25.592540
77	26	25.445124
78	26	25.297093
79	26	25.148650
80	26	25.000000
1	27	30.000000
2	27	29.996084
3	27	29.992127
4	27	29.988087
5	27	29.983921
6	27	29.979587
7	27	29.975041
8	27	29.970238
9	27	29.965134
10	27	29.959682
11	27	29.953832
12	27	29.947535
13	27	29.940739
14	27	29.933390
15	27	29.925433
16	27	29.916809
17	27	29.907459
18	27	29.897320
19	27	29.886326
20	27	29.874411
21	27	29.861506
22	27	29.847536
23	27	29.832429
24	27	29.816107
25	27	29.798490
26	27	29.779498
27	27	29.759046
28	27	29.737048
29	27	29.713418
30	27	29.688067
31	27	29.660903
32	27	29.631836
33	27	29.600774
34	27	29.567624
35	27	29.532294
36	27	29.494690
37	27	29.454721
38	27	29.412297
39	27	29.367327
40	27	29.319726
41	27	29.269409
42	27	29.216292
43	27	29.160299
44	27	29.101356
45	27	29.039391
46	27	28.974341
47	27	28.906146
48	27	28.834754
49	27	28.760117
50	27	28.682198
51	27	28.600963
52	27	28.516390
53	27	28.428464
54	27	28.337177
55	27	28.242533
56	27	28.144546
57	27	28.043236
58	27	27.938638
59	27	27.830794
60	27	27.719757
61	27	27.605593
62	27	27.488375
63	27	27.368190
64	27	27.245132
65	27	27.119308
66	27	26.990835
67	27	26.859839
68	27	26.726455
69	27	26.590829
70	27	26.453115
71	27	26.313474
72	27	26.172076
73	27	26.029098
74	27	25.884723
75	27	25.739139
76	27	25.592540
77	27	25.445124
78	27	25.297093
79	27	25.148650
80	27	25.000000
1	28	30.000000
2	28	29.996084
3	28	29.992127
4	28	29.988087
5	28	29.983921
6	28	29.979587
7	28	29.975041
8	28	29.970238
9	28	29.965134
10	28	29.959682
11	28	29.953832
12	28	29.947535
13	28	29.940739
14	28	29.933390
15	28	29.925433
16	28	29.916809
17	28	29.907459
18	28	29.897320
19	28	29.886326
20	28	29.874411
21	28	29.861506
22	28	29.847536
23	28	29.832429
24	28	29.816107
25	28	29.798490
26	28	29.779498
27	28	29.759046
28	28	29.737048
29	28	29.713418
30	28	29.688067
31	28	29.660903
32	28	29.631836
33	28	29.600774
34	28	29.567624
35	28	29.532294
36	28	29.494690
37	28	29.454721
38	28	29.412297
39	28	29.367327
40	28	29.319726
41	28	29.269409
42	28	29.216292
43	28	29.160299
44	28	29.101356
45	28	29.039391
46	28	28.974341
47	28	28.906146
48	28	28.834754
49	28	28.760117
50	28	28.682198
51	28	28.600963
52	28	28.516390
53	28	28.428464
54	28	28.337177
55	28	28.242533
56	28	28.144546
57	28	28.043236
58	28	27.938638
59	28	27.830794
60	28	27.719757
61	28	27.605593
62	28	27.488375
63	28	27.368190
64	28	27.245132
65	28	27.119308
66	28	26.990835
67	28	26.859839
68	28	26.726455
69	28	26.590829
70	28	26.453115
71	28	26.313474
72	28	26.172076
73	28	26.029098
74	28	25.884723
75	28	25.739139
76	28	25.592540
77	28	25.445124
78	28	25.297093
79	28	25.148650
80	28	25.000000
1	29	30.000000
2	29	29.996084
3	29	29.992127
4	29	29.988087
5	29	29.983921
6	29	29.979587
7	29	29.975041
8	29	29.970238
9	29	29.965134
10	29	29.959682
11	29	29.953832
12	29	29.947535
13	29	29.940739
14	29	29.933390
15	29	29.925433
16	29	29.916809
17	29	29.907459
18	29	29.897320
19	29	29.886326
20	29	29.874411
21	29	29.861506
22	29	29.847536
23	29	29.832429
24	29	29.816107
25	29	29.798490
26	29	29.779498
27	29	29.759046
28	29	29.737048
29	29	29.713418
30	29	29.688067
31	29	29.660903
32	29	29.631836
33	29	29.600774
34	29	29.567624
35	29	29.532294
36	29	29.494690
37	29	29.454721
38	29	29.412297
39	29	29.367327
40	29	29.319726
41	29	29.269409
42	29	29.216292
43	29	29.160299
44	29	29.101356
45	29	29.039391
46	29	28.974341
47	29	28.906146
48	29	28.834754
49	29	28.760117
50	29	28.682198
51	29	28.600963
52	29	28.516390
53	29	28.428464
54	29	28.337177
55	29	28.242533
56	29	28.144546
57	29	28.043236
58	29	27.938638
59	29	27.830794
60	29	27.719757
61	29	27.605593
62	29	27.488375
63	29	27.368190
64	29	27.245132
65	29	27.119308
66	29	26.990835
67	29	26.859839
68	29	26.726455
69	29	26.590829
70	29	26.453115
71	29	26.313474
72	29	26.172076
73	29	26.029098
74	29	25.884723
75	29	25.739139
76	29	25.592540
77	29	25.445124
78	29	25.297093
79	29	25.148650
80	29	25.000000
1	30	30.000000
2	30	29.996084
3	30	29.992127
4	30	29.988087
5	30	29.983921
6	30	29.979587
7	30	29.975041
8	30	29.970238
9	30	29.965134
10	30	29.959682
11	30	29.953832
12	30	29.947535
13	30	29.940739
14	30	29.933390
15	30	29.925433
16	30	29.916809
17	30	29.907459
18	30	29.897320
19	30	29.886326
20	30	29.874411
21	30	29.861506
22	30	29.847536
23	30	29.832429
24	30	29.816107
25	30	29.798490
26	30	29.779498
27	30	29.759046
28	30	29.737048
29	30	29.713418
30	30	29.688067
31	30	29.660903
32	30	29.631836
33	30	29.600774
34	30	29.567624
35	30	29.532294
36	30	29.494690
37	30	29.454721
38	30	29.412297
39	30	29.367327
40	30	29.319726
41	30	29.269409
42	30	29.216292
43	30	29.160299
44	30	29.101356
45	30	29.039391
46	30	28.974341
47	30	28.906146
48	30	28.834754
49	30	28.760117
50	30	28.682198
51	30	28.600963
52	30	28.516390
53	30	28.428464
54	30	28.337177
55	30	28.242533
56	30	28.144546
57	30	28.043236
58	30	27.938638
59	30	27.830794
60	30	27.719757
61	30	27.605593
62	30	27.488375
63	30	27.368190
64	30	27.245132
65	30	27.119308
66	30	26.990835
67	30	26.859839
68	30	26.726455
69	30	26.590829
70	30	26.453115
71	30	26.313474
72	30	26.172076
73	30	26.029098
74	30	25.884723
75	30	25.739139
76	30	25.592540
77	30	25.445124
78	30	25.297093
79	30	25.148650
80	30	25.000000
1	31	30.000000
2	31	29.996084
3	31	29.992127
4	31	29.988087
5	31	29.983921
6	31	29.979587
7	31	29.975041
8	31	29.970238
9	31	29.965134
10	31	29.959682
11	31	29.953832
12	31	29.947535
13	31	29.940739
14	31	29.933390
15	31	29.925433
16	31	29.916809
17	31	29.907459
18	31	29.897320
19	31	29.886326
20	31	29.874411
21	31	29.861506
22	31	29.847536
23	31	29.832429
24	31	29.816107
25	31	29.798490
26	31	29.779498
27	31	29.759046
28	31	29.737048
29	31	29.713418
30	31	29.688067
31	31	29.660903
32	31	29.631836
33	31	29.600774
34	31	29.567624
35	31	29.532294
36	31	29.494690
37	31	29.454721
38	31	29.412297
39	31	29.367327
40	31	29.319726
41	31	29.269409
42	31	29.216292
43	31	29.160299
44	31	29.101356
45	31	29.039391
46	31	28.974341
47	31	28.906146
48	31	28.834754
49	31	28.760117
50	31	28.682198
51	31	28.600963
52	31	28.516390
53	31	28.428464
54	31	28.337177
55	31	28.242533
56	31	28.144546
57	31	28.043236
58	31	27.938638
59	31	27.830794
60	31	27.719757
61	31	27.605593
62	31	27.488375
63	31	27.368190
64	31	27.245132
65	31	27.119308
66	31	26.990835
67	31	26.859839
68	31	26.726455
69	31	26.590829
70	31	26.453115
71	31	26.313474
72	31	26.172076
73	31	26.029098
74	31	25.884723
75	31	25.739139
76	31	25.592540
77	31	25.445124
78	31	25.297093
79	31	25.148650
80	31	25.000000
1	32	30.000000
2	32	29.996084
3	32	29.992127
4	32	29.988087
5	32	29.983921
6	32	29.979587
7	32	29.975041
8	32	29.970238
9	32	29.965134
10	32	29.959682
11	32	29.953832
12	32	29.947535
13	32	29.940739
14	32	29.933390
15	32	29.925433
16	32	29.916809
17	32	29.907459
18	32	29.897320
19	32	29.886326
20	32	29.874411
21	32	29.861506
22	32	29.847536
23	32	29.832429
24	32	29.816107
25	32	29.798490
26	32	29.779498
27	32	29.759046
28	32	29.737048
29	32	29.713418
30	32	29.688067
31	32	29.660903
32	32	29.631836
33	32	29.600774
34	32	29.567624
35	32	29.532294
36	32	29.494690
37	32	29.454721
38	32	29.412297
39	32	29.367327
40	32	29.319726
41	32	29.269409
42	32	29.216292
43	32	29.160299
44	32	29.101356
45	32	29.039391
46	32	28.974341
47	32	28.906146
48	32	28.834754
49	32	28.760117
50	32	28.682198
51	32	28.600963
52	32	28.516390
53	32	28.428464
54	32	28.337177
55	32	28.242533
56	32	28.144546
57	32	28.043236
58	32	27.938638
59	32	27.830794
60	32	27.719757
61	32	27.605593
62	32	27.488375
63	32	27.368190
64	32	27.245132
65	32	27.119308
66	32	26.990835
67	32	26.859839
68	32	26.726455
69	32	26.590829
70	32	26.453115
71	32	26.313474
72	32	26.172076
73	32	26.029098
74	32	25.884723
75	32	25.739139
76	32	25.592540
77	32	25.445124
78	32	25.297093
79	32	25.148650
80	32	25.000000
1	33	30.000000
2	33	29.996084
3	33	29.992127
4	33	29.988087
5	33	29.983921
6	33	29.979587
7	33	29.975041
8	33	29.970238
9	33	29.965134
10	33	29.959682
11	33	29.953832
12	33	29.947535
13	33	29.940739
14	33	29.933390
15	33	29.925433
16	33	29.916809
17	33	29.907459
18	33	29.897320
19	33	29.886326
20	33	29.874411
21	33	29.861506
22	33	29.847536
23	33	29.832429
24	33	29.816107
25	33	29.798490
26	33	29.779498
27	33	29.759046
28	33	29.737048
29	33	29.713418
30	33	29.688067
31	33	29.660903
32	33	29.631836
33	33	29.600774
34	33	29.567624
35	33	29.532294
36	33	29.494690
37	33	29.454721
38	33	29.412297
39	33	29.367327
40	33	29.319726
41	33	29.269409
42	33	29.216292
43	33	29.160299
44	33	29.101356
45	33	29.039391
46	33	28.974341
47	33	28.906146
48	33	28.834754
49	33	28.760117
50	33	28.682198
51	33	28.600963
52	33	28.516390
53	33	28.428464
54	33	28.337177
55	33	28.242533
56	33	28.144546
57	33	28.043236
58	33	27.938638
59	33	27.830794
60	33	27.719757
61	33	27.605593
62	33	27.488375
63	33	27.368190
64	33	27.245132
65	33	27.119308
66	33	26.990835
67	33	26.859839
68	33	26.726455
69	33	26.590829
70	33	26.453115
71	33	26.313474
72	33	26.172076
73	33	26.029098
74	33	25.884723
75	33	25.739139
76	33	25.592540
77	33	25.445124
78	33	25.297093
79	33	25.148650
80	33	25.000000
1	34	30.000000
2	34	29.996084
3	34	29.992127
4	34	29.988087
5	34	29.983921
6	34	29.979587
7	34	29.975041
8	34	29.970238
9	34	29.965134
10	34	29.959682
11	34	29.953832
12	34	29.947535
13	34	29.940739
14	34	29.933390
15	34	29.925433
16	34	29.916809
17	34	29.907459
18	34	29.897320
19	34	29.886326
20	34	29.874411
21	34	29.861506
22	34	29.847536
23	34	29.832429
24	34	29.816107
25	34	29.798490
26	34	29.779498
27	34	29.759046
28	34	29.737048
29	34	29.713418
30	34	29.688067
31	34	29.660903
32	34	29.631836
33	34	29.600774
34	34	29.567624
35	34	29.532294
36	34	29.494690
37	34	29.454721
38	34	29.412297
39	34	29.367327
40	34	29.319726
41	34	29.269409
42	34	29.216292
43	34	29.160299
44	34	29.101356
45	34	29.039391
46	34	28.974341
47	34	28.906146
48	34	28.834754
49	34	28.760117
50	34	28.682198
51	34	28.600963
52	34	28.516390
53	34	28.428464
54	34	28.337177
55	34	28.242533
56	34	28.144546
57	34	28.043236
58	34	27.938638
59	34	27.830794
60	34	27.719757
61	34	27.605593
62	34	27.488375
63	34	27.368190
64	34	27.245132
65	34	27.119308
66	34	26.990835
67	34	26.859839
68	34	26.726455
69	34	26.590829
70	34	26.453115
71	34	26.313474
72	34	26.172076
73	34	26.029098
74	34	25.884723
75	34	25.739139
76	34	25.592540
77	34	25.445124
78	34	25.297093
79	34	25.148650
80	34	25.000000
1	35	30.000000
2	35	29.996084
3	35	29.992127
4	35	29.988087
5	35	29.983921
6	35	29.979587
7	35	29.975041
8	35	29.970238
9	35	29.965134
10	35	29.959682
11	35	29.953832
12	35	29.947535
13	35	29.940739
14	35	29.933390
15	35	29.925433
16	35	29.916809
17	35	29.907459
18	35	29.897320
19	35	29.886326
20	35	29.874411
21	35	29.861506
22	35	29.847536
23	35	29.832429
24	35	29.816107
25	35	29.798490
26	35	29.779498
27	35	29.759046
28	35	29.737048
29	35	29.713418
30	35	29.688067
31	35	29.660903
32	35	29.631836
33	35	29.600774
34	35	29.567624
35	35	29.532294
36	35	29.494690
37	35	29.454721
38	35	29.412297
39	35	29.367327
40	35	29.319726
41	35	29.269409
42	35	29.216292
43	35	29.160299
44	35	29.101356
45	35	29.039391
46	35	28.974341
47	35	28.906146
48	35	28.834754
49	35	28.760117
50	35	28.682198
51	35	28.600963
52	35	28.516390
53	35	28.428464
54	35	28.337177
55	35	28.242533
56	35	28.144546
57	35	28.043236
58	35	27.938638
59	35	27.830794
60	35	27.719757
61	35	27.605593
62	35	27.488375
63	35	27.368190
64	35	27.245132
65	35	27.119308
66	35	26.990835
67	35	26.859839
68	35	26.726455
69	35	26.590829
70	35	26.453115
71	35	26.313474
72	35	26.172076
73	35	26.029098
74	35	25.884723
75	35	25.739139
76	35	25.592540
77	35	25.445124
78	35	25.297093
79	35	25.148650
80	35	25.000000
1	36	30.000000
2	36	29.996084
3	36	29.992127
4	36	29.988087
5	36	29.983921
6	36	29.979587
7	36	29.975041
8	36	29.970238
9	36	29.965134
10	36	29.959682
11	36	29.953832
12	36	29.947535
13	36	29.940739
14	36	29.933390
15	36	29.925433
16	36	29.916809
17	36	29.907459
18	36	29.897320
19	36	29.886326
20	36	29.874411
21	36	29.861506
22	36	29.847536
23	36	29.832429
24	36	29.816107
25	36	29.798490
26	36	29.779498
27	36	29.759046
28	36	29.737048
29	36	29.713418
30	36	29.688067
31	36	29.660903
32	36	29.631836
33	36	29.600774
34	36	29.567624
35	36	29.532294
36	36	29.494690
37	36	29.454721
38	36	29.412297
39	36	29.367327
40	36	29.319726
41	36	29.269409
42	36	29.216292
43	36	29.160299
44	36	29.101356
45	36	29.039391
46	36	28.974341
47	36	28.906146
48	36	28.834754
49	36	28.760117
50	36	28.682198
51	36	28.600963
52	36	28.516390
53	36	28.428464
54	36	28.337177
55	36	28.242533
56	36	28.144546
57	36	28.043236
58	36	27.938638
59	36	27.830794
60	36	27.719757
61	36	27.605593
62	36	27.488375
63	36	27.368190
64	36	27.245132
65	36	27.119308
66	36	26.990835
67	36	26.859839
68	36	26.726455
69	36	26.590829
70	36	26.453115
71	36	26.313474
72	36	26.172076
73	36	26.029098
74	36	25.884723
75	36	25.739139
76	36	25.592540
77	36	25.445124
78	36	25.297093
79	36	25.148650
80	36	25.000000
1	37	30.000000
2	37	29.996084
3	37	29.992127
4	37	29.988087
5	37	29.983921
6	37	29.979587
7	37	29.975041
8	37	29.970238
9	37	29.965134
10	37	29.959682
11	37	29.953832
12	37	29.947535
13	37	29.940739
14	37	29.933390
15	37	29.925433
16	37	29.916809
17	37	29.907459
18	37	29.897320
19	37	29.886326
20	37	29.874411
21	37	29.861506
22	37	29.847536
23	37	29.832429
24	37	29.816107
25	37	29.798490
26	37	29.779498
27	37	29.759046
28	37	29.737048
29	37	29.713418
30	37	29.688067
31	37	29.660903
32	37	29.631836
33	37	29.600774
34	37	29.567624
35	37	29.532294
36	37	29.494690
37	37	29.454721
38	37	29.412297
39	37	29.367327
40	37	29.319726
41	37	29.269409
42	37	29.216292
43	37	29.160299
44	37	29.101356
45	37	29.039391
46	37	28.974341
47	37	28.906146
48	37	28.834754
49	37	28.760117
50	37	28.682198
51	37	28.600963
52	37	28.516390
53	37	28.428464
54	37	28.337177
55	37	28.242533
56	37	28.144546
57	37	28.043236
58	37	27.938638
59	37	27.830794
60	37	27.719757
61	37	27.605593
62	37	27.488375
63	37	27.368190
64	37	27.245132
65	37	27.119308
66	37	26.990835
67	37	26.859839
68	37	26.726455
69	37	26.590829
70	37	26.453115
71	37	26.313474
72	37	26.172076
73	37	26.029098
74	37	25.884723
75	37	25.739139
76	37	25.592540
77	37	25.445124
78	37	25.297093
79	37	25.148650
80	37	25.000000
1	38	30.000000
2	38	29.996084
3	38	29.992127
4	38	29.988087
5	38	29.983921
6	38	29.979587
7	38	29.975041
8	38	29.970238
9	38	29.965134
10	38	29.959682
11	38	29.953832
12	38	29.947535
13	38	29.940739
14	38	29.933390
15	38	29.925433
16	38	29.916809
17	38	29.907459
18	38	29.897320
19	38	29.886326
20	38	29.874411
21	38	29.861506
22	38	29.847536
23	38	29.832429
24	38	29.816107
25	38	29.798490
26	38	29.779498
27	38	29.759046
28	38	29.737048
29	38	29.713418
30	38	29.688067
31	38	29.660903
32	38	29.631836
33	38	29.600774
34	38	29.567624
35	38	29.532294
36	38	29.494690
37	38	29.454721
38	38	29.412297
39	38	29.367327
40	38	29.319726
41	38	29.269409
42	38	29.216292
43	38	29.160299
44	38	29.101356
45	38	29.039391
46	38	28.974341
47	38	28.906146
48	38	28.834754
49	38	28.760117
50	38	28.682198
51	38	28.600963
52	38	28.516390
53	38	28.428464
54	38	28.337177
55	38	28.242533
56	38	28.144546
57	38	28.043236
58	38	27.938638
59	38	27.830794
60	38	27.719757
61	38	27.605593
62	38	27.488375
63	38	27.368190
64	38	27.245132
65	38	27.119308
66	38	26.990835
67	38	26.859839
68	38	26.726455
69	38	26.590829
70	38	26.453115
71	38	26.313474
72	38	26.172076
73	38	26.029098
74	38	25.884723
75	38	25.739139
76	38	25.592540
77	38	25.445124
78	38	25.297093
79	38	25.148650
80	38	25.000000
1	39	30.000000
2	39	29.996084
3	39	29.992127
4	39	29.988087
5	39	29.983921
6	39	29.979587
7	39	29.975041
8	39	29.970238
9	39	29.965134
10	39	29.959682
11	39	29.953832
12	39	29.947535
13	39	29.940739
14	39	29.933390
15	39	29.925433
16	39	29.916809
17	39	29.907459
18	39	29.897320
19	39	29.886326
20	39	29.874411
21	39	29.861506
22	39	29.847536
23	39	29.832429
24	39	29.816107
25	39	29.798490
26	39	29.779498
27	39	29.759046
28	39	29.737048
29	39	29.713418
30	39	29.688067
31	39	29.660903
32	39	29.631836
33	39	29.600774
34	39	29.567624
35	39	29.532294
36	39	29.494690
37	39	29.454721
38	39	29.412297
39	39	29.367327
40	39	29.319726
41	39	29.269409
42	39	29.216292
43	39	29.160299
44	39	29.101356
45	39	29.039391
46	39	28.974341
47	39	28.906146
48	39	28.834754
49	39	28.760117
50	39	28.682198
51	39	28.600963
52	39	28.516390
53	39	28.428464
54	39	28.337177
55	39	28.242533
56	39	28.144546
57	39	28.043236
58	39	27.938638
59	39	27.830794
60	39	27.719757
61	39	27.605593
62	39	27.488375
63	39	27.368190
64	39	27.245132
65	39	27.119308
66	39	26.990835
67	39	26.859839
68	39	26.726455
69	39	26.590829
70	39	26.453115
71	39	26.313474
72	39	26.172076
73	39	26.029098
74	39	25.884723
75	39	25.739139
76	39	25.592540
77	39	25.445124
78	39	25.297093
79	39	25.148650
80	39	25.000000
1	40	30.000000
2	40	29.996084
3	40	29.992127
4	40	29.988087
5	40	29.983921
6	40	29.979587
7	40	29.975041
8	40	29.970238
9	40	29.965134
10	40	29.959682
11	40	29.953832
12	40	29.947535
13	40	29.940739
14	40	29.933390
15	40	29.925433
16	40	29.916809
17	40	29.907459
18	40	29.897320
19	40	29.886326
20	40	29.874411
21	40	29.861506
22	40	29.847536
23	40	29.832429
24	40	29.816107
25	40	29.798490
26	40	29.779498
27	40	29.759046
28	40	29.737048
29	40	29.713418
30	40	29.688067
31	40	29.660903
32	40	29.631836
33	40	29.600774
34	40	29.567624
35	40	29.532294
36	40	29.494690
37	40	29.454721
38	40	29.412297
39	40	29.367327
40	40	29.319726
41	40	29.269409
42	40	29.216292
43	40	29.160299
44	40	29.101356
45	40	29.039391
46	40	28.974341
47	40	28.906146
48	40	28.834754
49	40	28.760117
50	40	28.682198
51	40	28.600963
52	40	28.516390
53	40	28.428464
54	40	28.337177
55	40	28.242533
56	40	28.144546
57	40	28.043236
58	40	27.938638
59	40	27.830794
60	40	27.719757
61	40	27.605593
62	40	27.488375
63	40	27.368190
64	40	27.245132
65	40	27.119308
66	40	26.990835
67	40	26.859839
68	40	26.726455
69	40	26.590829
70	40	26.453115
71	40	26.313474
72	40	26.172076
73	40	26.029098
74	40	25.884723
75	40	25.739139
76	40	25.592540
77	40	25.445124
78	40	25.297093
79	40	25.148650
80	40	25.000000
