1	1	30.000000
2	1	29.890800
3	1	29.781600
4	1	29.672400
5	1	29.563200
6	1	29.454000
7	1	29.344900
8	1	29.235700
9	1	29.126500
10	1	29.017400
11	1	28.908300
12	1	28.799200
13	1	28.690100
14	1	28.581100
15	1	28.472100
16	1	28.363100
17	1	28.254200
18	1	28.145400
19	1	28.036600
20	1	27.927900
21	1	27.819400
22	1	27.711000
23	1	27.602700
24	1	27.494700
25	1	27.386900
26	1	27.279400
27	1	27.172200
28	1	27.065400
29	1	26.959000
30	1	26.853200
31	1	26.747900
32	1	26.643400
33	1	26.539800
34	1	26.437100
35	1	26.335500
36	1	26.235200
37	1	26.136500
38	1	26.039500
39	1	25.944400
40	1	25.851600
41	1	25.761200
42	1	25.673700
43	1	25.589300
44	1	25.508400
45	1	25.431200
46	1	25.358100
47	1	25.289300
48	1	25.225100
49	1	25.165800
50	1	25.111500
51	1	25.062200
52	1	25.018100
53	1	24.979100
54	1	24.945100
55	1	24.915900
56	1	24.891300
57	1	24.871100
58	1	24.855000
59	1	24.842600
60	1	24.833700
61	1	24.827800
62	1	24.824800
63	1	24.824300
64	1	24.826000
65	1	24.829600
66	1	24.835000
67	1	24.841900
68	1	24.850000
69	1	24.859300
70	1	24.869500
71	1	24.880600
72	1	24.892300
73	1	24.904700
74	1	24.917500
75	1	24.930700
76	1	24.944200
77	1	24.957900
78	1	24.971900
79	1	24.985900
80	1	25.000000
1	2	30.000000
2	2	29.890800
3	2	29.781600
4	2	29.672400
5	2	29.563200
6	2	29.454000
7	2	29.344900
8	2	29.235700
9	2	29.126500
10	2	29.017400
11	2	28.908300
12	2	28.799100
13	2	28.690100
14	2	28.581000
15	2	28.472000
16	2	28.363000
17	2	28.254100
18	2	28.145300
19	2	28.036500
20	2	27.927800
21	2	27.819300
22	2	27.710800
23	2	27.602500
24	2	27.494500
25	2	27.386600
26	2	27.279000
27	2	27.171800
28	2	27.064900
29	2	26.958500
30	2	26.852500
31	2	26.747200
32	2	26.642600
33	2	26.538800
34	2	26.435900
35	2	26.334200
36	2	26.233700
37	2	26.134800
38	2	26.037500
39	2	25.942200
40	2	25.849100
41	2	25.758400
42	2	25.670600
43	2	25.585900
44	2	25.504600
45	2	25.427100
46	2	25.353700
47	2	25.284700
48	2	25.220300
49	2	25.160800
50	2	25.106400
51	2	25.057100
52	2	25.013000
53	2	24.974100
54	2	24.940200
55	2	24.911300
56	2	24.886900
57	2	24.867000
58	2	24.851200
59	2	24.839200
60	2	24.830500
61	2	24.825000
62	2	24.822300
63	2	24.822100
64	2	24.824000
65	2	24.827900
66	2	24.833500
67	2	24.840600
68	2	24.848900
69	2	24.858300
70	2	24.868700
71	2	24.879900
72	2	24.891800
73	2	24.904200
74	2	24.917100
75	2	24.930300
76	2	24.943900
77	2	24.957700
78	2	24.971700
79	2	24.985800
80	2	25.000000
1	3	30.000000
2	3	29.890800
3	3	29.781600
4	3	29.672400
5	3	29.563200
6	3	29.454000
7	3	29.344800
8	3	29.235700
9	3	29.126500
10	3	29.017300
11	3	28.908200
12	3	28.799100
13	3	28.690000
14	3	28.580900
15	3	28.471900
16	3	28.362900
17	3	28.254000
18	3	28.145100
19	3	28.036300
20	3	27.927600
21	3	27.819000
22	3	27.710500
23	3	27.602200
24	3	27.494000
25	3	27.386100
26	3	27.278400
27	3	27.171000
28	3	27.064000
29	3	26.957400
30	3	26.851300
31	3	26.745800
32	3	26.640900
33	3	26.536800
34	3	26.433700
35	3	26.331600
36	3	26.230800
37	3	26.131400
38	3	26.033600
39	3	25.937700
40	3	25.844000
41	3	25.752800
42	3	25.664300
43	3	25.579000
44	3	25.497100
45	3	25.418900
46	3	25.344900
47	3	25.275400
48	3	25.210600
49	3	25.150800
50	3	25.096100
51	3	25.046800
52	3	25.002800
53	3	24.964000
54	3	24.930500
55	3	24.902000
56	3	24.878200
57	3	24.858900
58	3	24.843700
59	3	24.832300
60	3	24.824300
61	3	24.819400
62	3	24.817300
63	3	24.817600
64	3	24.820100
65	3	24.824500
66	3	24.830500
67	3	24.838000
68	3	24.846700
69	3	24.856400
70	3	24.867100
71	3	24.878500
72	3	24.890600
73	3	24.903200
74	3	24.916300
75	3	24.929700
76	3	24.943400
77	3	24.957400
78	3	24.971500
79	3	24.985700
80	3	25.000000
1	4	30.000000
2	4	29.890800
3	4	29.781600
4	4	29.672400
5	4	29.563200
6	4	29.454000
7	4	29.344800
8	4	29.235600
9	4	29.126500
10	4	29.017300
11	4	28.908200
12	4	28.799000
13	4	28.689900
14	4	28.580800
15	4	28.471800
16	4	28.362800
17	4	28.253800
18	4	28.144900
19	4	28.036000
20	4	27.927300
21	4	27.818600
22	4	27.710000
23	4	27.601600
24	4	27.493300
25	4	27.385300
26	4	27.277400
27	4	27.169900
28	4	27.062700
29	4	26.955800
30	4	26.849500
31	4	26.743600
32	4	26.638400
33	4	26.534000
34	4	26.430400
35	4	26.327800
36	4	26.226400
37	4	26.126300
38	4	26.027800
39	4	25.931100
40	4	25.836600
41	4	25.744400
42	4	25.655000
43	4	25.568600
44	4	25.485700
45	4	25.406600
46	4	25.331700
47	4	25.261400
48	4	25.195900
49	4	25.135500
50	4	25.080600
51	4	25.031100
52	4	24.987200
53	4	24.948800
54	4	24.915800
55	4	24.887900
56	4	24.865000
57	4	24.846500
58	4	24.832300
59	4	24.821900
60	4	24.814900
61	4	24.811000
62	4	24.809900
63	4	24.811100
64	4	24.814400
65	4	24.819500
66	4	24.826200
67	4	24.834200
68	4	24.843400
69	4	24.853600
70	4	24.864700
71	4	24.876500
72	4	24.888900
73	4	24.901800
74	4	24.915100
75	4	24.928800
76	4	24.942700
77	4	24.956900
78	4	24.971200
79	4	24.985600
80	4	25.000000
1	5	30.000000
2	5	29.890800
3	5	29.781600
4	5	29.672400
5	5	29.563200
6	5	29.454000
7	5	29.344800
8	5	29.235600
9	5	29.126400
10	5	29.017200
11	5	28.908100
12	5	28.798900
13	5	28.689800
14	5	28.580700
15	5	28.471600
16	5	28.362500
17	5	28.253500
18	5	28.144600
19	5	28.035700
20	5	27.926800
21	5	27.818100
22	5	27.709400
23	5	27.600900
24	5	27.492500
25	5	27.384200
26	5	27.276200
27	5	27.168400
28	5	27.061000
29	5	26.953800
30	5	26.847100
31	5	26.740900
32	5	26.635200
33	5	26.530200
34	5	26.426000
35	5	26.322800
36	5	26.220600
37	5	26.119600
38	5	26.020200
39	5	25.922500
40	5	25.826700
41	5	25.733300
42	5	25.642600
43	5	25.554900
44	5	25.470600
45	5	25.390100
46	5	25.313900
47	5	25.242400
48	5	25.176000
49	5	25.114900
50	5	25.059500
51	5	25.009900
52	5	24.966100
53	5	24.928200
54	5	24.895900
55	5	24.869000
56	5	24.847200
57	5	24.830100
58	5	24.817200
59	5	24.808100
60	5	24.802500
61	5	24.799900
62	5	24.800000
63	5	24.802400
64	5	24.806700
65	5	24.812800
66	5	24.820400
67	5	24.829200
68	5	24.839100
69	5	24.850000
70	5	24.861600
71	5	24.873900
72	5	24.886700
73	5	24.900000
74	5	24.913600
75	5	24.927600
76	5	24.941800
77	5	24.956200
78	5	24.970700
79	5	24.985300
80	5	25.000000
1	6	30.000000
2	6	29.890800
3	6	29.781600
4	6	29.672400
5	6	29.563200
6	6	29.454000
7	6	29.344800
8	6	29.235600
9	6	29.126400
10	6	29.017200
11	6	28.908000
12	6	28.798800
13	6	28.689600
14	6	28.580500
15	6	28.471400
16	6	28.362300
17	6	28.253200
18	6	28.144200
19	6	28.035200
20	6	27.926300
21	6	27.817500
22	6	27.708700
23	6	27.600000
24	6	27.491400
25	6	27.383000
26	6	27.274800
27	6	27.166700
28	6	27.058900
29	6	26.951400
30	6	26.844300
31	6	26.737600
32	6	26.631300
33	6	26.525700
34	6	26.420800
35	6	26.316600
36	6	26.213500
37	6	26.111500
38	6	26.010800
39	6	25.911800
40	6	25.814600
41	6	25.719600
42	6	25.627100
43	6	25.537700
44	6	25.451600
45	6	25.369300
46	6	25.291500
47	6	25.218400
48	6	25.150700
49	6	25.088600
50	6	25.032600
51	6	24.982800
52	6	24.939300
53	6	24.901900
54	6	24.870600
55	6	24.845100
56	6	24.824800
57	6	24.809300
58	6	24.798200
59	6	24.790900
60	6	24.787100
61	6	24.786200
62	6	24.787800
63	6	24.791700
64	6	24.797400
65	6	24.804700
66	6	24.813400
67	6	24.823200
68	6	24.834000
69	6	24.845500
70	6	24.857800
71	6	24.870700
72	6	24.884000
73	6	24.897800
74	6	24.911800
75	6	24.926100
76	6	24.940700
77	6	24.955400
78	6	24.970200
79	6	24.985100
80	6	25.000000
1	7	30.000000
2	7	29.890800
3	7	29.781600
4	7	29.672400
5	7	29.563100
6	7	29.453900
7	7	29.344700
8	7	29.235500
9	7	29.126300
10	7	29.017100
11	7	28.907900
12	7	28.798700
13	7	28.689500
14	7	28.580300
15	7	28.471100
16	7	28.362000
17	7	28.252900
18	7	28.143800
19	7	28.034700
20	7	27.925700
21	7	27.816700
22	7	27.707800
23	7	27.599000
24	7	27.490200
25	7	27.381600
26	7	27.273100
27	7	27.164700
28	7	27.056600
29	7	26.948700
30	7	26.841000
31	7	26.733700
32	7	26.626900
33	7	26.520500
34	7	26.414700
35	7	26.309500
36	7	26.205300
37	7	26.102000
38	7	25.999900
39	7	25.899200
40	7	25.800200
41	7	25.703300
42	7	25.608800
43	7	25.517100
44	7	25.428700
45	7	25.344200
46	7	25.264200
47	7	25.189100
48	7	25.119700
49	7	25.056300
50	7	24.999500
51	7	24.949400
52	7	24.906100
53	7	24.869700
54	7	24.839700
55	7	24.815800
56	7	24.797500
57	7	24.784200
58	7	24.775300
59	7	24.770400
60	7	24.768700
61	7	24.769900
62	7	24.773500
63	7	24.779100
64	7	24.786500
65	7	24.795200
66	7	24.805200
67	7	24.816100
68	7	24.827900
69	7	24.840400
70	7	24.853500
71	7	24.867000
72	7	24.881000
73	7	24.895200
74	7	24.909800
75	7	24.924500
76	7	24.939400
77	7	24.954500
78	7	24.969600
79	7	24.984800
80	7	25.000000
1	8	30.000000
2	8	29.890800
3	8	29.781600
4	8	29.672300
5	8	29.563100
6	8	29.453900
7	8	29.344700
8	8	29.235400
9	8	29.126200
10	8	29.017000
11	8	28.907800
12	8	28.798500
13	8	28.689300
14	8	28.580100
15	8	28.470900
16	8	28.361700
17	8	28.252500
18	8	28.143300
19	8	28.034200
20	8	27.925100
21	8	27.816000
22	8	27.706900
23	8	27.597900
24	8	27.488900
25	8	27.380100
26	8	27.271200
27	8	27.162600
28	8	27.054000
29	8	26.945600
30	8	26.837400
31	8	26.729500
32	8	26.621900
33	8	26.514600
34	8	26.407800
35	8	26.301600
36	8	26.196000
37	8	26.091200
38	8	25.987500
39	8	25.884900
40	8	25.783900
41	8	25.684600
42	8	25.587500
43	8	25.493200
44	8	25.402000
45	8	25.314700
46	8	25.231900
47	8	25.154300
48	8	25.082600
49	8	25.017500
50	8	24.959600
51	8	24.909100
52	8	24.866300
53	8	24.830900
54	8	24.802600
55	8	24.780900
56	8	24.765200
57	8	24.754700
58	8	24.748600
59	8	24.746400
60	8	24.747500
61	8	24.751200
62	8	24.757100
63	8	24.764800
64	8	24.774100
65	8	24.784500
66	8	24.796000
67	8	24.808300
68	8	24.821200
69	8	24.834700
70	8	24.848700
71	8	24.863000
72	8	24.877600
73	8	24.892400
74	8	24.907500
75	8	24.922700
76	8	24.938000
77	8	24.953400
78	8	24.968900
79	8	24.984400
80	8	25.000000
1	9	30.000000
2	9	29.890800
3	9	29.781500
4	9	29.672300
5	9	29.563100
6	9	29.453900
7	9	29.344600
8	9	29.235400
9	9	29.126100
10	9	29.016900
11	9	28.907700
12	9	28.798400
13	9	28.689200
14	9	28.579900
15	9	28.470600
16	9	28.361400
17	9	28.252100
18	9	28.142900
19	9	28.033600
20	9	27.924400
21	9	27.815100
22	9	27.705900
23	9	27.596700
24	9	27.487500
25	9	27.378400
26	9	27.269300
27	9	27.160200
28	9	27.051300
29	9	26.942400
30	9	26.833600
31	9	26.725000
32	9	26.616600
33	9	26.508400
34	9	26.400500
35	9	26.293000
36	9	26.185900
37	9	26.079500
38	9	25.973900
39	9	25.869100
40	9	25.765600
41	9	25.663700
42	9	25.563600
43	9	25.466100
44	9	25.371500
45	9	25.280600
46	9	25.194300
47	9	25.113500
48	9	25.038900
49	9	24.971600
50	9	24.912200
51	9	24.861200
52	9	24.818900
53	9	24.784900
54	9	24.758900
55	9	24.740100
56	9	24.727700
57	9	24.720600
58	9	24.718100
59	9	24.719300
60	9	24.723600
61	9	24.730300
62	9	24.738900
63	9	24.749100
64	9	24.760500
65	9	24.772900
66	9	24.786000
67	9	24.799700
68	9	24.814000
69	9	24.828600
70	9	24.843500
71	9	24.858600
72	9	24.873900
73	9	24.889400
74	9	24.905000
75	9	24.920700
76	9	24.936500
77	9	24.952300
78	9	24.968200
79	9	24.984100
80	9	25.000000
1	10	30.000000
2	10	29.890800
3	10	29.781500
4	10	29.672300
5	10	29.563100
6	10	29.453800
7	10	29.344600
8	10	29.235300
9	10	29.126100
10	10	29.016800
11	10	28.907500
12	10	28.798300
13	10	28.689000
14	10	28.579700
15	10	28.470400
16	10	28.361100
17	10	28.251700
18	10	28.142400
19	10	28.033000
20	10	27.923700
21	10	27.814300
22	10	27.704900
23	10	27.595500
24	10	27.486100
25	10	27.376700
26	10	27.267300
27	10	27.157900
28	10	27.048400
29	10	26.939000
30	10	26.829600
31	10	26.720300
32	10	26.611000
33	10	26.501800
34	10	26.392700
35	10	26.283900
36	10	26.175300
37	10	26.067000
38	10	25.959300
39	10	25.852100
40	10	25.745900
41	10	25.640800
42	10	25.537300
43	10	25.435900
44	10	25.337200
45	10	25.242100
46	10	25.151400
47	10	25.066300
48	10	24.988000
49	10	24.917700
50	10	24.856400
51	10	24.804700
52	10	24.763100
53	10	24.731100
54	10	24.708100
55	10	24.693000
56	10	24.684700
57	10	24.682000
58	10	24.683800
59	10	24.689200
60	10	24.697200
61	10	24.707400
62	10	24.719100
63	10	24.732100
64	10	24.745900
65	10	24.760400
66	10	24.775400
67	10	24.790700
68	10	24.806300
69	10	24.822100
70	10	24.838000
71	10	24.854100
72	10	24.870200
73	10	24.886300
74	10	24.902500
75	10	24.918700
76	10	24.935000
77	10	24.951200
78	10	24.967500
79	10	24.983700
80	10	25.000000
1	11	30.000000
2	11	29.890800
3	11	29.781500
4	11	29.672300
5	11	29.563000
6	11	29.453800
7	11	29.344500
8	11	29.235300
9	11	29.126000
10	11	29.016700
11	11	28.907400
12	11	28.798100
13	11	28.688800
14	11	28.579500
15	11	28.470100
16	11	28.360800
17	11	28.251400
18	11	28.141900
19	11	28.032500
20	11	27.923000
21	11	27.813500
22	11	27.703900
23	11	27.594300
24	11	27.484700
25	11	27.375000
26	11	27.265300
27	11	27.155400
28	11	27.045600
29	11	26.935600
30	11	26.825600
31	11	26.715500
32	11	26.605300
33	11	26.495100
34	11	26.384800
35	11	26.274500
36	11	26.164300
37	11	26.054000
38	11	25.944000
39	11	25.834200
40	11	25.724900
41	11	25.616400
42	11	25.508900
43	11	25.403000
44	11	25.299400
45	11	25.199000
46	11	25.102900
47	11	25.012400
48	11	24.929200
49	11	24.854900
50	11	24.790900
51	11	24.738300
52	11	24.697500
53	11	24.668200
54	11	24.649200
55	11	24.639100
56	11	24.636200
57	11	24.639000
58	11	24.646000
59	11	24.656300
60	11	24.668800
61	11	24.682900
62	11	24.698200
63	11	24.714200
64	11	24.730700
65	11	24.747500
66	11	24.764400
67	11	24.781400
68	11	24.798500
69	11	24.815500
70	11	24.832500
71	11	24.849400
72	11	24.866300
73	11	24.883200
74	11	24.900000
75	11	24.916700
76	11	24.933400
77	11	24.950100
78	11	24.966700
79	11	24.983400
80	11	25.000000
1	12	30.000000
2	12	29.890800
3	12	29.781500
4	12	29.672300
5	12	29.563000
6	12	29.453800
7	12	29.344500
8	12	29.235200
9	12	29.126000
10	12	29.016700
11	12	28.907300
12	12	28.798000
13	12	28.688700
14	12	28.579300
15	12	28.469900
16	12	28.360500
17	12	28.251000
18	12	28.141500
19	12	28.031900
20	12	27.922300
21	12	27.812700
22	12	27.703000
23	12	27.593200
24	12	27.483300
25	12	27.373400
26	12	27.263300
27	12	27.153100
28	12	27.042800
29	12	26.932300
30	12	26.821600
31	12	26.710800
32	12	26.599700
33	12	26.488500
34	12	26.376900
35	12	26.265200
36	12	26.153200
37	12	26.040900
38	12	25.928500
39	12	25.815900
40	12	25.703200
41	12	25.590800
42	12	25.478800
43	12	25.367800
44	12	25.258400
45	12	25.151600
46	12	25.048700
47	12	24.951300
48	12	24.861500
49	12	24.781700
50	12	24.713900
51	12	24.660000
52	12	24.620600
53	12	24.595000
54	12	24.581500
55	12	24.577900
56	12	24.582000
57	12	24.591600
58	12	24.605000
59	12	24.621100
60	12	24.638800
61	12	24.657400
62	12	24.676500
63	12	24.695800
64	12	24.715200
65	12	24.734300
66	12	24.753300
67	12	24.772100
68	12	24.790600
69	12	24.808900
70	12	24.827000
71	12	24.844900
72	12	24.862500
73	12	24.880100
74	12	24.897400
75	12	24.914700
76	12	24.931900
77	12	24.949000
78	12	24.966000
79	12	24.983000
80	12	25.000000
1	13	30.000000
2	13	29.890800
3	13	29.781500
4	13	29.672300
5	13	29.563000
6	13	29.453800
7	13	29.344500
8	13	29.235200
9	13	29.125900
10	13	29.016600
11	13	28.907300
12	13	28.797900
13	13	28.688500
14	13	28.579100
15	13	28.469700
16	13	28.360200
17	13	28.250700
18	13	28.141100
19	13	28.031500
20	13	27.921800
21	13	27.812000
22	13	27.702100
23	13	27.592100
24	13	27.482000
25	13	27.371800
26	13	27.261400
27	13	27.150900
28	13	27.040100
29	13	26.929100
30	13	26.817900
31	13	26.706300
32	13	26.594400
33	13	26.482100
34	13	26.369300
35	13	26.256100
36	13	26.142300
37	13	26.028000
38	13	25.913000
39	13	25.797500
40	13	25.681400
41	13	25.564700
42	13	25.447800
43	13	25.331000
44	13	25.214900
45	13	25.100400
46	13	24.988900
47	13	24.882500
48	13	24.783900
49	13	24.696300
50	13	24.623200
51	13	24.567300
52	13	24.529900
53	13	24.509600
54	13	24.503900
55	13	24.509200
56	13	24.522200
57	13	24.540300
58	13	24.561500
59	13	24.584300
60	13	24.607800
61	13	24.631300
62	13	24.654700
63	13	24.677500
64	13	24.699800
65	13	24.721400
66	13	24.742500
67	13	24.763000
68	13	24.783000
69	13	24.802600
70	13	24.821700
71	13	24.840500
72	13	24.858900
73	13	24.877100
74	13	24.895000
75	13	24.912800
76	13	24.930400
77	13	24.947900
78	13	24.965300
79	13	24.982700
80	13	25.000000
1	14	30.000000
2	14	29.890800
3	14	29.781500
4	14	29.672300
5	14	29.563000
6	14	29.453700
7	14	29.344500
8	14	29.235200
9	14	29.125900
10	14	29.016600
11	14	28.907200
12	14	28.797800
13	14	28.688400
14	14	28.579000
15	14	28.469500
16	14	28.360000
17	14	28.250400
18	14	28.140800
19	14	28.031000
20	14	27.921200
21	14	27.811300
22	14	27.701300
23	14	27.591200
24	14	27.480900
25	14	27.370400
26	14	27.259800
27	14	27.148900
28	14	27.037700
29	14	26.926200
30	14	26.814400
31	14	26.702100
32	14	26.589400
33	14	26.476100
34	14	26.362200
35	14	26.247500
36	14	26.132100
37	14	26.015700
38	14	25.898300
39	14	25.779700
40	14	25.660000
41	14	25.539000
42	14	25.416700
43	14	25.293500
44	14	25.169700
45	14	25.046000
46	14	24.924100
47	14	24.806000
48	14	24.695300
49	14	24.596500
50	14	24.515200
51	14	24.456200
52	14	24.421800
53	14	24.409800
54	14	24.415200
55	14	24.432600
56	14	24.457300
57	14	24.485900
58	14	24.516200
59	14	24.546700
60	14	24.576700
61	14	24.605600
62	14	24.633300
63	14	24.659700
64	14	24.685000
65	14	24.709100
66	14	24.732200
67	14	24.754500
68	14	24.775900
69	14	24.796600
70	14	24.816800
71	14	24.836400
72	14	24.855500
73	14	24.874300
74	14	24.892800
75	14	24.911100
76	14	24.929100
77	14	24.946900
78	14	24.964700
79	14	24.982400
80	14	25.000000
1	15	30.000000
2	15	29.890800
3	15	29.781500
4	15	29.672300
5	15	29.563000
6	15	29.453700
7	15	29.344500
8	15	29.235200
9	15	29.125900
10	15	29.016500
11	15	28.907200
12	15	28.797800
13	15	28.688400
14	15	28.578900
15	15	28.469400
16	15	28.359800
17	15	28.250200
18	15	28.140500
19	15	28.030700
20	15	27.920800
21	15	27.810800
22	15	27.700700
23	15	27.590400
24	15	27.479900
25	15	27.369200
26	15	27.258300
27	15	27.147100
28	15	27.035600
29	15	26.923700
30	15	26.811300
31	15	26.698400
32	15	26.584900
33	15	26.470700
34	15	26.355700
35	15	26.239800
36	15	26.122700
37	15	26.004400
38	15	25.884600
39	15	25.763200
40	15	25.639800
41	15	25.514400
42	15	25.386700
43	15	25.256600
44	15	25.124200
45	15	24.990100
46	15	24.855300
47	15	24.722200
48	15	24.594700
49	15	24.479300
50	15	24.384800
51	15	24.320500
52	15	24.291500
53	15	24.292600
54	15	24.314600
55	15	24.348700
56	15	24.388500
57	15	24.429900
58	15	24.470800
59	15	24.509800
60	15	24.546600
61	15	24.581000
62	15	24.613100
63	15	24.643100
64	15	24.671300
65	15	24.697800
66	15	24.722900
67	15	24.746700
68	15	24.769500
69	15	24.791300
70	15	24.812300
71	15	24.832700
72	15	24.852600
73	15	24.871900
74	15	24.890900
75	15	24.909500
76	15	24.927900
77	15	24.946100
78	15	24.964100
79	15	24.982100
80	15	25.000000
1	16	30.000000
2	16	29.890800
3	16	29.781500
4	16	29.672300
5	16	29.563000
6	16	29.453800
7	16	29.344500
8	16	29.235200
9	16	29.125900
10	16	29.016500
11	16	28.907200
12	16	28.797800
13	16	28.688300
14	16	28.578900
15	16	28.469300
16	16	28.359700
17	16	28.250100
18	16	28.140300
19	16	28.030500
20	16	27.920500
21	16	27.810400
22	16	27.700200
23	16	27.589800
24	16	27.479100
25	16	27.368300
26	16	27.257100
27	16	27.145700
28	16	27.033800
29	16	26.921600
30	16	26.808800
31	16	26.695300
32	16	26.581200
33	16	26.466200
34	16	26.350200
35	16	26.233100
36	16	26.114600
37	16	25.994600
38	16	25.872600
39	16	25.748500
40	16	25.621800
41	16	25.492100
42	16	25.359000
43	16	25.221900
44	16	25.080500
45	16	24.934700
46	16	24.784900
47	16	24.632700
48	16	24.482100
49	16	24.341300
50	16	24.224200
51	16	24.149700
52	16	24.130800
53	16	24.154500
54	16	24.202000
55	16	24.259200
56	16	24.318100
57	16	24.374600
58	16	24.427000
59	16	24.475100
60	16	24.518800
61	16	24.558700
62	16	24.595000
63	16	24.628400
64	16	24.659300
65	16	24.688000
66	16	24.714800
67	16	24.740000
68	16	24.763900
69	16	24.786700
70	16	24.808600
71	16	24.829600
72	16	24.850000
73	16	24.869900
74	16	24.889200
75	16	24.908200
76	16	24.926900
77	16	24.945400
78	16	24.963700
79	16	24.981900
80	16	25.000000
1	17	30.000000
2	17	29.890800
3	17	29.781500
4	17	29.672300
5	17	29.563000
6	17	29.453800
7	17	29.344500
8	17	29.235200
9	17	29.125900
10	17	29.016600
11	17	28.907200
12	17	28.797800
13	17	28.688400
14	17	28.578900
15	17	28.469300
16	17	28.359700
17	17	28.250000
18	17	28.140200
19	17	28.030300
20	17	27.920300
21	17	27.810200
22	17	27.699900
23	17	27.589400
24	17	27.478600
25	17	27.367600
26	17	27.256300
27	17	27.144600
28	17	27.032600
29	17	26.920000
30	17	26.806800
31	17	26.692900
32	17	26.578300
33	17	26.462700
34	17	26.345900
35	17	26.227800
36	17	26.108200
37	17	25.986600
38	17	25.862800
39	17	25.736400
40	17	25.606700
41	17	25.473300
42	17	25.335200
43	17	25.191500
44	17	25.041300
45	17	24.883400
46	17	24.716800
47	17	24.541500
48	17	24.359600
49	17	24.179400
50	17	24.021100
51	17	23.923100
52	17	23.927700
53	17	23.992700
54	17	24.079500
55	17	24.168000
56	17	24.250000
57	17	24.323200
58	17	24.387800
59	17	24.444700
60	17	24.495000
61	17	24.539800
62	17	24.579900
63	17	24.616300
64	17	24.649400
65	17	24.679900
66	17	24.708200
67	17	24.734700
68	17	24.759600
69	17	24.783100
70	17	24.805600
71	17	24.827200
72	17	24.848100
73	17	24.868300
74	17	24.888000
75	17	24.907200
76	17	24.926200
77	17	24.944800
78	17	24.963300
79	17	24.981700
80	17	25.000000
1	18	30.000000
2	18	29.890800
3	18	29.781500
4	18	29.672300
5	18	29.563100
6	18	29.453800
7	18	29.344600
8	18	29.235300
9	18	29.126000
10	18	29.016600
11	18	28.907300
12	18	28.797900
13	18	28.688400
14	18	28.578900
15	18	28.469400
16	18	28.359700
17	18	28.250000
18	18	28.140200
19	18	28.030300
20	18	27.920300
21	18	27.810100
22	18	27.699700
23	18	27.589200
24	18	27.478400
25	18	27.367300
26	18	27.255800
27	18	27.144000
28	18	27.031800
29	18	26.919000
30	18	26.805500
31	18	26.691400
32	18	26.576300
33	18	26.460200
34	18	26.342900
35	18	26.224100
36	18	26.103500
37	18	25.980900
38	18	25.855700
39	18	25.727500
40	18	25.595500
41	18	25.459000
42	18	25.316900
43	18	25.167800
44	18	25.009800
45	18	24.840700
46	18	24.657500
47	18	24.456800
48	18	24.235500
49	18	23.995800
50	18	23.757600
51	18	23.593900
52	18	23.664200
53	18	23.809000
54	18	23.955400
55	18	24.083200
56	18	24.190600
57	18	24.280500
58	18	24.356200
59	18	24.420900
60	18	24.476700
61	18	24.525500
62	18	24.568700
63	18	24.607300
64	18	24.642300
65	18	24.674200
66	18	24.703500
67	18	24.730900
68	18	24.756500
69	18	24.780600
70	18	24.803600
71	18	24.825600
72	18	24.846700
73	18	24.867200
74	18	24.887100
75	18	24.906600
76	18	24.925700
77	18	24.944500
78	18	24.963100
79	18	24.981600
80	18	25.000000
1	19	30.000000
2	19	29.890800
3	19	29.781600
4	19	29.672300
5	19	29.563100
6	19	29.453900
7	19	29.344600
8	19	29.235300
9	19	29.126000
10	19	29.016700
11	19	28.907400
12	19	28.798000
13	19	28.688500
14	19	28.579000
15	19	28.469500
16	19	28.359900
17	19	28.250200
18	19	28.140400
19	19	28.030500
20	19	27.920400
21	19	27.810200
22	19	27.699800
23	19	27.589200
24	19	27.478400
25	19	27.367200
26	19	27.255700
27	19	27.143800
28	19	27.031500
29	19	26.918600
30	19	26.805000
31	19	26.690600
32	19	26.575400
33	19	26.459000
34	19	26.341300
35	19	26.222100
36	19	26.101000
37	19	25.977700
38	19	25.851700
39	19	25.722300
40	19	25.588900
41	19	25.450400
42	19	25.305600
43	19	25.152800
44	19	24.989400
45	19	24.812100
46	19	24.615800
47	19	24.392500
48	19	24.130000
49	19	23.810400
50	19	23.419700
51	19	23.030600
52	19	23.326300
53	19	23.623600
54	19	23.849800
55	19	24.019000
56	19	24.148900
57	19	24.251900
58	19	24.335800
59	19	24.405800
60	19	24.465400
61	19	24.516800
62	19	24.561900
63	19	24.602100
64	19	24.638100
65	19	24.670900
66	19	24.700900
67	19	24.728800
68	19	24.754800
69	19	24.779300
70	19	24.802500
71	19	24.824700
72	19	24.846100
73	19	24.866700
74	19	24.886700
75	19	24.906300
76	19	24.925400
77	19	24.944300
78	19	24.963000
79	19	24.981500
80	19	25.000000
1	20	30.000000
2	20	29.890800
3	20	29.781600
4	20	29.672400
5	20	29.563200
6	20	29.453900
7	20	29.344700
8	20	29.235400
9	20	29.126100
10	20	29.016800
11	20	28.907500
12	20	28.798100
13	20	28.688700
14	20	28.579200
15	20	28.469700
16	20	28.360100
17	20	28.250400
18	20	28.140600
19	20	28.030700
20	20	27.920700
21	20	27.810500
22	20	27.700100
23	20	27.589500
24	20	27.478700
25	20	27.367500
26	20	27.256000
27	20	27.144200
28	20	27.031800
29	20	26.918800
30	20	26.805200
31	20	26.690900
32	20	26.575500
33	20	26.459100
34	20	26.341300
35	20	26.222000
36	20	26.100800
37	20	25.977200
38	20	25.850900
39	20	25.721200
40	20	25.587300
41	20	25.448200
42	20	25.302500
43	20	25.148300
44	20	24.983000
45	20	24.802600
46	20	24.601000
47	20	24.367400
48	20	24.081500
49	20	23.696200
50	20	23.080200
51	20	21.782600
52	20	22.986800
53	20	23.509400
54	20	23.801300
55	20	23.993900
56	20	24.134000
57	20	24.242300
58	20	24.329300
59	20	24.401300
60	20	24.462100
61	20	24.514500
62	20	24.560200
63	20	24.600800
64	20	24.637200
65	20	24.670300
66	20	24.700500
67	20	24.728500
68	20	24.754700
69	20	24.779200
70	20	24.802500
71	20	24.824800
72	20	24.846100
73	20	24.866700
74	20	24.886800
75	20	24.906300
76	20	24.925500
77	20	24.944400
78	20	24.963000
79	20	24.981500
80	20	25.000000
1	21	30.000000
2	21	29.890800
3	21	29.781600
4	21	29.672400
5	21	29.563200
6	21	29.454000
7	21	29.344800
8	21	29.235500
9	21	29.126300
10	21	29.017000
11	21	28.907700
12	21	28.798300
13	21	28.688900
14	21	28.579400
15	21	28.469900
16	21	28.360400
17	21	28.250700
18	21	28.140900
19	21	28.031100
20	21	27.921100
21	21	27.810900
22	21	27.700600
23	21	27.590100
24	21	27.479300
25	21	27.368200
26	21	27.256800
27	21	27.144900
28	21	27.032600
29	21	26.919800
30	21	26.806300
31	21	26.692000
32	21	26.576800
33	21	26.460500
34	21	26.342900
35	21	26.223800
36	21	26.102800
37	21	25.979500
38	21	25.853500
39	21	25.724300
40	21	25.590900
41	21	25.452500
42	21	25.307800
43	21	25.154900
44	21	24.991600
45	21	24.814400
46	21	24.618100
47	21	24.394800
48	21	24.132300
49	21	23.812800
50	21	23.422100
51	21	23.033000
52	21	23.328700
53	21	23.626000
54	21	23.852100
55	21	24.021200
56	21	24.151100
57	21	24.254000
58	21	24.337900
59	21	24.407900
60	21	24.467300
61	21	24.518700
62	21	24.563700
63	21	24.603800
64	21	24.639700
65	21	24.672400
66	21	24.702400
67	21	24.730100
68	21	24.756100
69	21	24.780500
70	21	24.803600
71	21	24.825700
72	21	24.846900
73	21	24.867400
74	21	24.887300
75	21	24.906800
76	21	24.925800
77	21	24.944600
78	21	24.963200
79	21	24.981600
80	21	25.000000
1	22	30.000000
2	22	29.890800
3	22	29.781700
4	22	29.672500
5	22	29.563300
6	22	29.454100
7	22	29.344900
8	22	29.235700
9	22	29.126400
10	22	29.017200
11	22	28.907900
12	22	28.798500
13	22	28.689200
14	22	28.579700
15	22	28.470300
16	22	28.360700
17	22	28.251100
18	22	28.141400
19	22	28.031600
20	22	27.921600
21	22	27.811600
22	22	27.701300
23	22	27.590900
24	22	27.480200
25	22	27.369200
26	22	27.257900
27	22	27.146200
28	22	27.034100
29	22	26.921400
30	22	26.808100
31	22	26.694100
32	22	26.579200
33	22	26.463200
34	22	26.346000
35	22	26.227400
36	22	26.107000
37	22	25.984500
38	22	25.859500
39	22	25.731400
40	22	25.599600
41	22	25.463200
42	22	25.321100
43	22	25.172100
44	22	25.014200
45	22	24.845200
46	22	24.662100
47	22	24.461400
48	22	24.240200
49	22	24.000400
50	22	23.762300
51	22	23.598600
52	22	23.668900
53	22	23.813600
54	22	23.960000
55	22	24.087800
56	22	24.195100
57	22	24.284800
58	22	24.360400
59	22	24.424900
60	22	24.480600
61	22	24.529300
62	22	24.572300
63	22	24.610800
64	22	24.645500
65	22	24.677200
66	22	24.706500
67	22	24.733600
68	22	24.759000
69	22	24.782900
70	22	24.805700
71	22	24.827500
72	22	24.848400
73	22	24.868700
74	22	24.888400
75	22	24.907600
76	22	24.926500
77	22	24.945100
78	22	24.963500
79	22	24.981800
80	22	25.000000
1	23	30.000000
2	23	29.890900
3	23	29.781700
4	23	29.672500
5	23	29.563400
6	23	29.454200
7	23	29.345000
8	23	29.235800
9	23	29.126600
10	23	29.017400
11	23	28.908100
12	23	28.798800
13	23	28.689500
14	23	28.580100
15	23	28.470700
16	23	28.361200
17	23	28.251600
18	23	28.142000
19	23	28.032200
20	23	27.922400
21	23	27.812400
22	23	27.702200
23	23	27.591900
24	23	27.481300
25	23	27.370500
26	23	27.259400
27	23	27.147900
28	23	27.036000
29	23	26.923600
30	23	26.810600
31	23	26.697000
32	23	26.582500
33	23	26.467100
34	23	26.350600
35	23	26.232800
36	23	26.113300
37	23	25.992000
38	23	25.868500
39	23	25.742200
40	23	25.612800
41	23	25.479500
42	23	25.341500
43	23	25.198100
44	23	25.048000
45	23	24.890200
46	23	24.723700
47	23	24.548400
48	23	24.366600
49	23	24.186500
50	23	24.028200
51	23	23.930200
52	23	23.934800
53	23	23.999700
54	23	24.086400
55	23	24.174800
56	23	24.256600
57	23	24.329700
58	23	24.394100
59	23	24.450800
60	23	24.500900
61	23	24.545400
62	23	24.585400
63	23	24.621500
64	23	24.654400
65	23	24.684600
66	23	24.712600
67	23	24.738700
68	23	24.763300
69	23	24.786600
70	23	24.808800
71	23	24.830100
72	23	24.850600
73	23	24.870500
74	23	24.889800
75	23	24.908800
76	23	24.927400
77	23	24.945800
78	23	24.964000
79	23	24.982000
80	23	25.000000
1	24	30.000000
2	24	29.890900
3	24	29.781700
4	24	29.672600
5	24	29.563500
6	24	29.454300
7	24	29.345200
8	24	29.236000
9	24	29.126800
10	24	29.017600
11	24	28.908400
12	24	28.799100
13	24	28.689800
14	24	28.580500
15	24	28.471100
16	24	28.361700
17	24	28.252200
18	24	28.142600
19	24	28.033000
20	24	27.923200
21	24	27.813300
22	24	27.703300
23	24	27.593100
24	24	27.482700
25	24	27.372100
26	24	27.261200
27	24	27.150000
28	24	27.038400
29	24	26.926400
30	24	26.813900
31	24	26.700700
32	24	26.586900
33	24	26.472200
34	24	26.356500
35	24	26.239700
36	24	26.121600
37	24	26.001800
38	24	25.880100
39	24	25.756300
40	24	25.629800
41	24	25.500400
42	24	25.367500
43	24	25.230600
44	24	25.089400
45	24	24.943800
46	24	24.794100
47	24	24.642000
48	24	24.491500
49	24	24.350700
50	24	24.233700
51	24	24.159200
52	24	24.140300
53	24	24.163900
54	24	24.211200
55	24	24.268300
56	24	24.327000
57	24	24.383300
58	24	24.435500
59	24	24.483300
60	24	24.526700
61	24	24.566200
62	24	24.602300
63	24	24.635400
64	24	24.665900
65	24	24.694200
66	24	24.720600
67	24	24.745500
68	24	24.769000
69	24	24.791400
70	24	24.812800
71	24	24.833400
72	24	24.853400
73	24	24.872800
74	24	24.891700
75	24	24.910300
76	24	24.928600
77	24	24.946600
78	24	24.964500
79	24	24.982300
80	24	25.000000
1	25	30.000000
2	25	29.890900
3	25	29.781800
4	25	29.672700
5	25	29.563600
6	25	29.454400
7	25	29.345300
8	25	29.236200
9	25	29.127000
10	25	29.017800
11	25	28.908700
12	25	28.799400
13	25	28.690200
14	25	28.580900
15	25	28.471600
16	25	28.362300
17	25	28.252800
18	25	28.143400
19	25	28.033800
20	25	27.924200
21	25	27.814400
22	25	27.704600
23	25	27.594500
24	25	27.484400
25	25	27.374000
26	25	27.263400
27	25	27.152500
28	25	27.041300
29	25	26.929700
30	25	26.817700
31	25	26.705200
32	25	26.592100
33	25	26.478200
34	25	26.363600
35	25	26.248000
36	25	26.131400
37	25	26.013400
38	25	25.894000
39	25	25.772900
40	25	25.649900
41	25	25.524800
42	25	25.397300
43	25	25.267500
44	25	25.135400
45	25	25.001500
46	25	24.866900
47	25	24.733900
48	25	24.606500
49	25	24.491200
50	25	24.396800
51	25	24.332500
52	25	24.303300
53	25	24.304400
54	25	24.326300
55	25	24.360200
56	25	24.399700
57	25	24.440900
58	25	24.481400
59	25	24.520100
60	25	24.556500
61	25	24.590500
62	25	24.622200
63	25	24.651800
64	25	24.679600
65	25	24.705600
66	25	24.730200
67	25	24.753500
68	25	24.775800
69	25	24.797100
70	25	24.817600
71	25	24.837500
72	25	24.856800
73	25	24.875600
74	25	24.894000
75	25	24.912100
76	25	24.930000
77	25	24.947700
78	25	24.965200
79	25	24.982600
80	25	25.000000
1	26	30.000000
2	26	29.890900
3	26	29.781800
4	26	29.672800
5	26	29.563700
6	26	29.454600
7	26	29.345500
8	26	29.236400
9	26	29.127300
10	26	29.018100
11	26	28.909000
12	26	28.799800
13	26	28.690600
14	26	28.581400
15	26	28.472200
16	26	28.362900
17	26	28.253600
18	26	28.144200
19	26	28.034700
20	26	27.925200
21	26	27.815600
22	26	27.705900
23	26	27.596100
24	26	27.486200
25	26	27.376100
26	26	27.265800
27	26	27.155300
28	26	27.044500
29	26	26.933500
30	26	26.822000
31	26	26.710200
32	26	26.597900
33	26	26.485100
34	26	26.371600
35	26	26.257500
36	26	26.142500
37	26	26.026500
38	26	25.909500
39	26	25.791400
40	26	25.672100
41	26	25.551500
42	26	25.429600
43	26	25.306700
44	26	25.183100
45	26	25.059800
46	26	24.938000
47	26	24.820200
48	26	24.709600
49	26	24.610900
50	26	24.529600
51	26	24.470600
52	26	24.436200
53	26	24.424100
54	26	24.429300
55	26	24.446400
56	26	24.470800
57	26	24.499100
58	26	24.529100
59	26	24.559200
60	26	24.588600
61	26	24.617100
62	26	24.644300
63	26	24.670200
64	26	24.694900
65	26	24.718500
66	26	24.741000
67	26	24.762700
68	26	24.783500
69	26	24.803600
70	26	24.823100
71	26	24.842100
72	26	24.860600
73	26	24.878800
74	26	24.896600
75	26	24.914200
76	26	24.931600
77	26	24.948800
78	26	24.966000
79	26	24.983000
80	26	25.000000
1	27	30.000000
2	27	29.890900
3	27	29.781900
4	27	29.672800
5	27	29.563800
6	27	29.454700
7	27	29.345600
8	27	29.236600
9	27	29.127500
10	27	29.018400
11	27	28.909300
12	27	28.800200
13	27	28.691100
14	27	28.581900
15	27	28.472700
16	27	28.363500
17	27	28.254300
18	27	28.145100
19	27	28.035700
20	27	27.926400
21	27	27.817000
22	27	27.707500
23	27	27.597900
24	27	27.488200
25	27	27.378400
26	27	27.268500
27	27	27.158400
28	27	27.048100
29	27	26.937600
30	27	26.826800
31	27	26.715700
32	27	26.604300
33	27	26.492600
34	27	26.380400
35	27	26.267700
36	27	26.154500
37	27	26.040700
38	27	25.926200
39	27	25.811200
40	27	25.695500
41	27	25.579400
42	27	25.462900
43	27	25.346500
44	27	25.230700
45	27	25.116500
46	27	25.005300
47	27	24.899200
48	27	24.800700
49	27	24.713200
50	27	24.640200
51	27	24.584300
52	27	24.546700
53	27	24.526300
54	27	24.520400
55	27	24.525400
56	27	24.538100
57	27	24.555800
58	27	24.576500
59	27	24.598800
60	27	24.621800
61	27	24.644800
62	27	24.667600
63	27	24.689800
64	27	24.711400
65	27	24.732400
66	27	24.752800
67	27	24.772600
68	27	24.791900
69	27	24.810700
70	27	24.829100
71	27	24.847100
72	27	24.864800
73	27	24.882300
74	27	24.899500
75	27	24.916500
76	27	24.933400
77	27	24.950100
78	27	24.966800
79	27	24.983400
80	27	25.000000
1	28	30.000000
2	28	29.891000
3	28	29.781900
4	28	29.672900
5	28	29.563900
6	28	29.454900
7	28	29.345800
8	28	29.236800
9	28	29.127700
10	28	29.018700
11	28	28.909600
12	28	28.800600
13	28	28.691500
14	28	28.582400
15	28	28.473400
16	28	28.364200
17	28	28.255100
18	28	28.146000
19	28	28.036800
20	28	27.927600
21	28	27.818300
22	28	27.709100
23	28	27.599700
24	28	27.490300
25	28	27.380800
26	28	27.271300
27	28	27.161600
28	28	27.051800
29	28	26.941900
30	28	26.831800
31	28	26.721600
32	28	26.611100
33	28	26.500500
34	28	26.389600
35	28	26.278500
36	28	26.167100
37	28	26.055400
38	28	25.943600
39	28	25.831500
40	28	25.719500
41	28	25.607600
42	28	25.496100
43	28	25.385600
44	28	25.276600
45	28	25.170200
46	28	25.067600
47	28	24.970500
48	28	24.880900
49	28	24.801200
50	28	24.733500
51	28	24.679600
52	28	24.640000
53	28	24.614200
54	28	24.600500
55	28	24.596600
56	28	24.600300
57	28	24.609400
58	28	24.622400
59	28	24.637900
60	28	24.655000
61	28	24.672900
62	28	24.691400
63	28	24.710000
64	28	24.728500
65	28	24.746900
66	28	24.765100
67	28	24.783100
68	28	24.800800
69	28	24.818200
70	28	24.835500
71	28	24.852500
72	28	24.869300
73	28	24.886000
74	28	24.902500
75	28	24.918900
76	28	24.935200
77	28	24.951500
78	28	24.967700
79	28	24.983900
80	28	25.000000
1	29	30.000000
2	29	29.891000
3	29	29.782000
4	29	29.673000
5	29	29.564000
6	29	29.455000
7	29	29.346000
8	29	29.237000
9	29	29.128000
10	29	29.019000
11	29	28.910000
12	29	28.801000
13	29	28.692000
14	29	28.583000
15	29	28.474000
16	29	28.365000
17	29	28.255900
18	29	28.146900
19	29	28.037900
20	29	27.928800
21	29	27.819800
22	29	27.710700
23	29	27.601600
24	29	27.492500
25	29	27.383300
26	29	27.274200
27	29	27.164900
28	29	27.055700
29	29	26.946400
30	29	26.837000
31	29	26.727600
32	29	26.618100
33	29	26.508600
34	29	26.399100
35	29	26.289500
36	29	26.179900
37	29	26.070400
38	29	25.961000
39	29	25.851900
40	29	25.743300
41	29	25.635300
42	29	25.528500
43	29	25.423200
44	29	25.320100
45	29	25.220100
46	29	25.124400
47	29	25.034200
48	29	24.951200
49	29	24.877000
50	29	24.813100
51	29	24.760500
52	29	24.719600
53	29	24.690100
54	29	24.670800
55	29	24.660300
56	29	24.657000
57	29	24.659200
58	29	24.665700
59	29	24.675300
60	29	24.687200
61	29	24.700600
62	29	24.715000
63	29	24.730200
64	29	24.745800
65	29	24.761700
66	29	24.777700
67	29	24.793800
68	29	24.809900
69	29	24.826000
70	29	24.842000
71	29	24.858000
72	29	24.873900
73	29	24.889800
74	29	24.905700
75	29	24.921400
76	29	24.937200
77	29	24.952900
78	29	24.968600
79	29	24.984300
80	29	25.000000
1	30	30.000000
2	30	29.891000
3	30	29.782100
4	30	29.673100
5	30	29.564100
6	30	29.455100
7	30	29.346200
8	30	29.237200
9	30	29.128300
10	30	29.019300
11	30	28.910300
12	30	28.801400
13	30	28.692500
14	30	28.583500
15	30	28.474600
16	30	28.365700
17	30	28.256800
18	30	28.147900
19	30	28.039000
20	30	27.930100
21	30	27.821200
22	30	27.712400
23	30	27.603500
24	30	27.494700
25	30	27.385900
26	30	27.277100
27	30	27.168300
28	30	27.059600
29	30	26.950900
30	30	26.842300
31	30	26.733700
32	30	26.625200
33	30	26.516800
34	30	26.408500
35	30	26.300500
36	30	26.192700
37	30	26.085200
38	30	25.978200
39	30	25.871900
40	30	25.766400
41	30	25.662000
42	30	25.559200
43	30	25.458500
44	30	25.360400
45	30	25.265700
46	30	25.175500
47	30	25.090800
48	30	25.012800
49	30	24.942600
50	30	24.881400
51	30	24.829700
52	30	24.787900
53	30	24.755600
54	30	24.732300
55	30	24.716900
56	30	24.708100
57	30	24.704800
58	30	24.706000
59	30	24.710600
60	30	24.717800
61	30	24.727100
62	30	24.738000
63	30	24.750000
64	30	24.762800
65	30	24.776300
66	30	24.790200
67	30	24.804500
68	30	24.819000
69	30	24.833800
70	30	24.848600
71	30	24.863600
72	30	24.878600
73	30	24.893700
74	30	24.908800
75	30	24.924000
76	30	24.939200
77	30	24.954400
78	30	24.969600
79	30	24.984800
80	30	25.000000
1	31	30.000000
2	31	29.891100
3	31	29.782100
4	31	29.673200
5	31	29.564200
6	31	29.455300
7	31	29.346400
8	31	29.237400
9	31	29.128500
10	31	29.019600
11	31	28.910700
12	31	28.801800
13	31	28.692900
14	31	28.584100
15	31	28.475200
16	31	28.366400
17	31	28.257600
18	31	28.148800
19	31	28.040100
20	31	27.931300
21	31	27.822600
22	31	27.714000
23	31	27.605400
24	31	27.496900
25	31	27.388400
26	31	27.280000
27	31	27.171700
28	31	27.063500
29	31	26.955400
30	31	26.847500
31	31	26.739700
32	31	26.632100
33	31	26.524800
34	31	26.417800
35	31	26.311200
36	31	26.205100
37	31	26.099600
38	31	25.994800
39	31	25.891000
40	31	25.788300
41	31	25.687200
42	31	25.588000
43	31	25.491100
44	31	25.397200
45	31	25.307000
46	31	25.221200
47	31	25.140700
48	31	25.066500
49	31	24.999300
50	31	24.940000
51	31	24.889000
52	31	24.846500
53	31	24.812300
54	31	24.786000
55	31	24.766700
56	31	24.753700
57	31	24.746000
58	31	24.742700
59	31	24.743100
60	31	24.746500
61	31	24.752200
62	31	24.759800
63	31	24.768900
64	31	24.779200
65	31	24.790400
66	31	24.802400
67	31	24.815000
68	31	24.828000
69	31	24.841400
70	31	24.855100
71	31	24.869100
72	31	24.883300
73	31	24.897600
74	31	24.912000
75	31	24.926500
76	31	24.941100
77	31	24.955800
78	31	24.970500
79	31	24.985300
80	31	25.000000
1	32	30.000000
2	32	29.891100
3	32	29.782200
4	32	29.673200
5	32	29.564300
6	32	29.455400
7	32	29.346500
8	32	29.237600
9	32	29.128700
10	32	29.019900
11	32	28.911000
12	32	28.802200
13	32	28.693400
14	32	28.584600
15	32	28.475800
16	32	28.367100
17	32	28.258400
18	32	28.149700
19	32	28.041100
20	32	27.932500
21	32	27.824000
22	32	27.715600
23	32	27.607300
24	32	27.499000
25	32	27.390800
26	32	27.282800
27	32	27.174900
28	32	27.067200
29	32	26.959700
30	32	26.852500
31	32	26.745500
32	32	26.638800
33	32	26.532500
34	32	26.426700
35	32	26.321500
36	32	26.216900
37	32	26.113200
38	32	26.010400
39	32	25.908900
40	32	25.808800
41	32	25.710500
42	32	25.614300
43	32	25.520800
44	32	25.430400
45	32	25.343700
46	32	25.261500
47	32	25.184400
48	32	25.113000
49	32	25.048200
50	32	24.990300
51	32	24.939900
52	32	24.896800
53	32	24.861200
54	32	24.832500
55	32	24.810300
56	32	24.793900
57	32	24.782700
58	32	24.775800
59	32	24.772700
60	32	24.772700
61	32	24.775300
62	32	24.780100
63	32	24.786600
64	32	24.794600
65	32	24.803800
66	32	24.814000
67	32	24.825000
68	32	24.836600
69	32	24.848800
70	32	24.861400
71	32	24.874400
72	32	24.887700
73	32	24.901300
74	32	24.915100
75	32	24.929000
76	32	24.943000
77	32	24.957200
78	32	24.971400
79	32	24.985700
80	32	25.000000
1	33	30.000000
2	33	29.891100
3	33	29.782200
4	33	29.673300
5	33	29.564400
6	33	29.455500
7	33	29.346700
8	33	29.237800
9	33	29.129000
10	33	29.020100
11	33	28.911300
12	33	28.802500
13	33	28.693800
14	33	28.585100
15	33	28.476400
16	33	28.367700
17	33	28.259100
18	33	28.150600
19	33	28.042100
20	33	27.933700
21	33	27.825300
22	33	27.717100
23	33	27.609000
24	33	27.501000
25	33	27.393200
26	33	27.285500
27	33	27.178000
28	33	27.070800
29	33	26.963800
30	33	26.857200
31	33	26.750900
32	33	26.645100
33	33	26.539800
34	33	26.435100
35	33	26.331100
36	33	26.227900
37	33	26.125800
38	33	26.024800
39	33	25.925300
40	33	25.827400
41	33	25.731600
42	33	25.638000
43	33	25.547300
44	33	25.459800
45	33	25.376100
46	33	25.296700
47	33	25.222200
48	33	25.153200
49	33	25.090100
50	33	25.033300
51	33	24.983200
52	33	24.939800
53	33	24.903000
54	33	24.872600
55	33	24.848100
56	33	24.829100
57	33	24.815000
58	33	24.805200
59	33	24.799100
60	33	24.796300
61	33	24.796300
62	33	24.798600
63	33	24.802900
64	33	24.808900
65	33	24.816200
66	33	24.824800
67	33	24.834300
68	33	24.844600
69	33	24.855700
70	33	24.867300
71	33	24.879400
72	33	24.892000
73	33	24.904800
74	33	24.917900
75	33	24.931300
76	33	24.944800
77	33	24.958500
78	33	24.972300
79	33	24.986100
80	33	25.000000
1	34	30.000000
2	34	29.891100
3	34	29.782300
4	34	29.673400
5	34	29.564500
6	34	29.455700
7	34	29.346800
8	34	29.238000
9	34	29.129200
10	34	29.020400
11	34	28.911600
12	34	28.802900
13	34	28.694200
14	34	28.585500
15	34	28.476900
16	34	28.368300
17	34	28.259800
18	34	28.151400
19	34	28.043000
20	34	27.934700
21	34	27.826600
22	34	27.718500
23	34	27.610600
24	34	27.502900
25	34	27.395300
26	34	27.288000
27	34	27.180900
28	34	27.074100
29	34	26.967600
30	34	26.861500
31	34	26.755900
32	34	26.650900
33	34	26.546400
34	34	26.442700
35	34	26.339800
36	34	26.237900
37	34	26.137200
38	34	26.037800
39	34	25.940000
40	34	25.844100
41	34	25.750300
42	34	25.659000
43	34	25.570600
44	34	25.485500
45	34	25.404100
46	34	25.327000
47	34	25.254600
48	34	25.187300
49	34	25.125600
50	34	25.069700
51	34	25.019900
52	34	24.976200
53	34	24.938500
54	34	24.906700
55	34	24.880500
56	34	24.859400
57	34	24.842900
58	34	24.830800
59	34	24.822300
60	34	24.817200
61	34	24.814900
62	34	24.815100
63	34	24.817500
64	34	24.821700
65	34	24.827400
66	34	24.834500
67	34	24.842800
68	34	24.852000
69	34	24.862000
70	34	24.872700
71	34	24.884000
72	34	24.895800
73	34	24.908100
74	34	24.920600
75	34	24.933500
76	34	24.946500
77	34	24.959700
78	34	24.973100
79	34	24.986500
80	34	25.000000
1	35	30.000000
2	35	29.891100
3	35	29.782300
4	35	29.673400
5	35	29.564600
6	35	29.455800
7	35	29.347000
8	35	29.238200
9	35	29.129400
10	35	29.020600
11	35	28.911900
12	35	28.803200
13	35	28.694500
14	35	28.585900
15	35	28.477400
16	35	28.368900
17	35	28.260400
18	35	28.152100
19	35	28.043800
20	35	27.935700
21	35	27.827600
22	35	27.719800
23	35	27.612100
24	35	27.504500
25	35	27.397200
26	35	27.290200
27	35	27.183400
28	35	27.077000
29	35	26.971000
30	35	26.865400
31	35	26.760400
32	35	26.656000
33	35	26.552300
34	35	26.449400
35	35	26.347500
36	35	26.246700
37	35	26.147200
38	35	26.049200
39	35	25.952900
40	35	25.858600
41	35	25.766500
42	35	25.677100
43	35	25.590600
44	35	25.507400
45	35	25.427900
46	35	25.352600
47	35	25.281800
48	35	25.215900
49	35	25.155200
50	35	25.100000
51	35	25.050400
52	35	25.006500
53	35	24.968100
54	35	24.935300
55	35	24.907700
56	35	24.884900
57	35	24.866700
58	35	24.852600
59	35	24.842200
60	35	24.835200
61	35	24.831100
62	35	24.829500
63	35	24.830300
64	35	24.833000
65	35	24.837300
66	35	24.843200
67	35	24.850300
68	35	24.858500
69	35	24.867600
70	35	24.877600
71	35	24.888200
72	35	24.899300
73	35	24.911000
74	35	24.923000
75	35	24.935400
76	35	24.948000
77	35	24.960800
78	35	24.973800
79	35	24.986900
80	35	25.000000
1	36	30.000000
2	36	29.891200
3	36	29.782300
4	36	29.673500
5	36	29.564700
6	36	29.455900
7	36	29.347100
8	36	29.238300
9	36	29.129500
10	36	29.020800
11	36	28.912100
12	36	28.803400
13	36	28.694800
14	36	28.586300
15	36	28.477800
16	36	28.369300
17	36	28.261000
18	36	28.152700
19	36	28.044500
20	36	27.936500
21	36	27.828600
22	36	27.720900
23	36	27.613300
24	36	27.506000
25	36	27.398900
26	36	27.292100
27	36	27.185600
28	36	27.079500
29	36	26.973900
30	36	26.868800
31	36	26.764300
32	36	26.660400
33	36	26.557400
34	36	26.455200
35	36	26.354200
36	36	26.254300
37	36	26.155800
38	36	26.058900
39	36	25.963800
40	36	25.870800
41	36	25.780200
42	36	25.692200
43	36	25.607200
44	36	25.525500
45	36	25.447600
46	36	25.373700
47	36	25.304100
48	36	25.239300
49	36	25.179400
50	36	25.124700
51	36	25.075200
52	36	25.031100
53	36	24.992300
54	36	24.958700
55	36	24.930000
56	36	24.906000
57	36	24.886300
58	36	24.870700
59	36	24.858800
60	36	24.850200
61	36	24.844600
62	36	24.841700
63	36	24.841100
64	36	24.842500
65	36	24.845800
66	36	24.850600
67	36	24.856700
68	36	24.864100
69	36	24.872500
70	36	24.881700
71	36	24.891700
72	36	24.902300
73	36	24.913500
74	36	24.925100
75	36	24.937000
76	36	24.949300
77	36	24.961800
78	36	24.974400
79	36	24.987200
80	36	25.000000
1	37	30.000000
2	37	29.891200
3	37	29.782400
4	37	29.673500
5	37	29.564700
6	37	29.455900
7	37	29.347200
8	37	29.238400
9	37	29.129700
10	37	29.021000
11	37	28.912300
12	37	28.803700
13	37	28.695100
14	37	28.586600
15	37	28.478100
16	37	28.369700
17	37	28.261400
18	37	28.153200
19	37	28.045100
20	37	27.937200
21	37	27.829400
22	37	27.721800
23	37	27.614300
24	37	27.507200
25	37	27.400300
26	37	27.293700
27	37	27.187400
28	37	27.081600
29	37	26.976300
30	37	26.871600
31	37	26.767400
32	37	26.664100
33	37	26.561500
34	37	26.460000
35	37	26.359600
36	37	26.260400
37	37	26.162800
38	37	26.066800
39	37	25.972600
40	37	25.880700
41	37	25.791200
42	37	25.704300
43	37	25.620500
44	37	25.540000
45	37	25.463200
46	37	25.390300
47	37	25.321700
48	37	25.257700
49	37	25.198400
50	37	25.144000
51	37	25.094700
52	37	25.050500
53	37	25.011300
54	37	24.977100
55	37	24.947600
56	37	24.922600
57	37	24.901900
58	37	24.885200
59	37	24.872100
60	37	24.862300
61	37	24.855500
62	37	24.851500
63	37	24.849800
64	37	24.850300
65	37	24.852600
66	37	24.856600
67	37	24.862000
68	37	24.868700
69	37	24.876400
70	37	24.885100
71	37	24.894600
72	37	24.904800
73	37	24.915500
74	37	24.926800
75	37	24.938400
76	37	24.950400
77	37	24.962600
78	37	24.974900
79	37	24.987400
80	37	25.000000
1	38	30.000000
2	38	29.891200
3	38	29.782400
4	38	29.673600
5	38	29.564800
6	38	29.456000
7	38	29.347200
8	38	29.238500
9	38	29.129800
10	38	29.021100
11	38	28.912400
12	38	28.803800
13	38	28.695300
14	38	28.586800
15	38	28.478300
16	38	28.370000
17	38	28.261700
18	38	28.153600
19	38	28.045600
20	38	27.937700
21	38	27.830000
22	38	27.722400
23	38	27.615100
24	38	27.508100
25	38	27.401300
26	38	27.294900
27	38	27.188800
28	38	27.083200
29	38	26.978200
30	38	26.873700
31	38	26.769900
32	38	26.666800
33	38	26.564700
34	38	26.463600
35	38	26.363700
36	38	26.265100
37	38	26.168000
38	38	26.072700
39	38	25.979300
40	38	25.888100
41	38	25.799400
42	38	25.713400
43	38	25.630500
44	38	25.550800
45	38	25.474800
46	38	25.402700
47	38	25.334800
48	38	25.271300
49	38	25.212500
50	38	25.158400
51	38	25.109200
52	38	25.064800
53	38	25.025400
54	38	24.990700
55	38	24.960600
56	38	24.935000
57	38	24.913500
58	38	24.896000
59	38	24.882000
60	38	24.871400
61	38	24.863800
62	38	24.858900
63	38	24.856400
64	38	24.856100
65	38	24.857800
66	38	24.861200
67	38	24.866000
68	38	24.872200
69	38	24.879400
70	38	24.887700
71	38	24.896800
72	38	24.906700
73	38	24.917100
74	38	24.928100
75	38	24.939500
76	38	24.951200
77	38	24.963200
78	38	24.975300
79	38	24.987600
80	38	25.000000
1	39	30.000000
2	39	29.891200
3	39	29.782400
4	39	29.673600
5	39	29.564800
6	39	29.456000
7	39	29.347300
8	39	29.238500
9	39	29.129800
10	39	29.021200
11	39	28.912500
12	39	28.803900
13	39	28.695400
14	39	28.586900
15	39	28.478500
16	39	28.370200
17	39	28.262000
18	39	28.153900
19	39	28.045900
20	39	27.938000
21	39	27.830400
22	39	27.722900
23	39	27.615700
24	39	27.508700
25	39	27.402000
26	39	27.295700
27	39	27.189800
28	39	27.084300
29	39	26.979400
30	39	26.875100
31	39	26.771500
32	39	26.668700
33	39	26.566900
34	39	26.466100
35	39	26.366500
36	39	26.268200
37	39	26.171600
38	39	26.076700
39	39	25.983800
40	39	25.893100
41	39	25.804900
42	39	25.719500
43	39	25.637100
44	39	25.558000
45	39	25.482600
46	39	25.411000
47	39	25.343500
48	39	25.280400
49	39	25.221800
50	39	25.167800
51	39	25.118700
52	39	25.074300
53	39	25.034700
54	39	24.999700
55	39	24.969300
56	39	24.943200
57	39	24.921200
58	39	24.903100
59	39	24.888600
60	39	24.877400
61	39	24.869200
62	39	24.863800
63	39	24.860800
64	39	24.860100
65	39	24.861300
66	39	24.864200
67	39	24.868700
68	39	24.874500
69	39	24.881500
70	39	24.889500
71	39	24.898300
72	39	24.907900
73	39	24.918200
74	39	24.929000
75	39	24.940200
76	39	24.951700
77	39	24.963600
78	39	24.975600
79	39	24.987800
80	39	25.000000
1	40	30.000000
2	40	29.891200
3	40	29.782400
4	40	29.673600
5	40	29.564800
6	40	29.456100
7	40	29.347300
8	40	29.238600
9	40	29.129900
10	40	29.021200
11	40	28.912600
12	40	28.804000
13	40	28.695500
14	40	28.587000
15	40	28.478600
16	40	28.370300
17	40	28.262100
18	40	28.154000
19	40	28.046000
20	40	27.938200
21	40	27.830600
22	40	27.723100
23	40	27.615900
24	40	27.509000
25	40	27.402400
26	40	27.296100
27	40	27.190300
28	40	27.084900
29	40	26.980000
30	40	26.875800
31	40	26.772300
32	40	26.669700
33	40	26.567900
34	40	26.467300
35	40	26.367900
36	40	26.269800
37	40	26.173400
38	40	26.078700
39	40	25.986100
40	40	25.895600
41	40	25.807700
42	40	25.722600
43	40	25.640400
44	40	25.561600
45	40	25.486400
46	40	25.415100
47	40	25.347800
48	40	25.284900
49	40	25.226400
50	40	25.172500
51	40	25.123400
52	40	25.079000
53	40	25.039300
54	40	25.004200
55	40	24.973600
56	40	24.947300
57	40	24.925100
58	40	24.906700
59	40	24.891900
60	40	24.880500
61	40	24.872000
62	40	24.866300
63	40	24.863100
64	40	24.862100
65	40	24.863000
66	40	24.865800
67	40	24.870100
68	40	24.875700
69	40	24.882500
70	40	24.890400
71	40	24.899100
72	40	24.908600
73	40	24.918700
74	40	24.929400
75	40	24.940500
76	40	24.952000
77	40	24.963800
78	40	24.975700
79	40	24.987800
80	40	25.000000
